0.0 7.10939169143257 2.1180625225604386 -5.427133245989992 0 0 0 1
0.1 -3.992519387572192 -3.7482031561434024 -5.068273161958366 0 0 0 1
0.2 1.4704275357064036 -1.5094090265304776 1.2579015262929871 0 0 0 1
0.3 -2.7521766269011705 -3.017700783466031 -9.240659943013016 0 0 0 1
0.4 4.08223792305967 -0.8566486593016949 -5.35316567686327 0 0 0 1
0.5 -0.6603187730616646 6.644271645511275 14.182649304810635 0 0 0 1
0.6 2.7959778466074985 4.5043045875815535 1.1900225861438407 0 0 0 1
0.7 6.5682539285122274 3.137298708654445 4.503977186860381 0 0 0 1
0.8 -0.5443135546255848 3.416863130128106 3.173029032378195 0 0 0 1
0.9 3.156797778411737 -1.036793620889216 -4.805318139081033 0 0 0 1
1.0 -5.103741722706227 -3.478076858231265 13.953525685418327 0 0 0 1
1.1 0.7418009028157349 -4.447780246206383 0.07296247119233334 0 0 0 1
1.2 10.705176998365749 -2.8846812122634864 -7.7158048151284415 0 0 0 1
1.3 3.7029992020870273 5.676659295720122 -4.2051011956651285 0 0 0 1
1.4 -0.23173295962798512 0.7753616202207039 -9.092144438217005 0 0 0 1
1.5 10.546682589657854 -2.239819354300033 0.5488993985553572 0 0 0 1
1.6 -2.054099038523371 10.960753381048725 10.180199021384816 0 0 0 1
1.7 2.6080665851813936 -7.972715009812566 -7.521995872268381 0 0 0 1
1.8 -6.997609275342022 -8.39110541458885 14.818941979752816 0 0 0 1
1.9 -3.9435767892766407 3.939307159074452 1.6715708218364198 0 0 0 1
2.0 4.693775598260161 -4.3258551742108375 -0.043001270809611025 0 0 0 1
2.1 12.182156035738304 -1.5239344619172561 -11.572910743579152 0 0 0 1
2.2 -4.099620103204258 -2.2514764215388423 8.262839461037938 0 0 0 1
2.3 5.888148477034135 -6.167027595640276 0.5496428167600933 0 0 0 1
2.4 5.659685945628963 -3.337211939337001 2.553438643787068 0 0 0 1
2.5 -7.156780324140622 3.3021264378553163 0.4791902244632871 0 0 0 1
2.6 5.091569656924303 -0.4572771425808815 -7.727035251886829 0 0 0 1
2.7 4.498470053291118 -3.642987502913881 -2.3587953852886168 0 0 0 1
2.8 10.738340019091943 -6.439483860019196 3.208616987518283 0 0 0 1
2.9 3.142518636095563 11.712585225326379 2.681864389240406 0 0 0 1
3.0 1.4628590760983091 7.496077141317267 2.1632606083636574 0 0 0 1
3.1 7.421396023163805 -3.261431436047572 2.746379477635433 0 0 0 1
3.2 11.991927542335048 -5.1487671767703045 -4.52187543338523 0 0 0 1
3.3 -0.13045589781480998 -5.250422810393505 -0.9850230909062664 0 0 0 1
3.4 7.205060944075698 0.15459704063046775 10.117404791291635 0 0 0 1
3.5 0.23133207887525709 5.249276819653544 5.950350004025305 0 0 0 1
3.6 11.646816872698194 -5.819431899942418 5.281957902437112 0 0 0 1
3.7 11.853492969218532 -3.863811822279777 8.559440974559717 0 0 0 1
3.8 9.080349674862857 -3.816410076274821 -1.6187358683428994 0 0 0 1
3.9 6.452294166153737 9.968694553123854 0.39587320748079113 0 0 0 1
4.0 -1.3571475497301027 2.2242486181318464 18.122153441400187 0 0 0 1
4.1 1.3646342907461533 2.213215755496312 -2.186696029018262 0 0 0 1
4.2 6.837681225148179 -3.3502991792235446 8.297809837029693 0 0 0 1
4.3 1.6507968586113788 -0.5891965171795918 -3.2425391449034917 0 0 0 1
4.4 18.4453600068532 -6.185275917828529 -2.9369446587792325 0 0 0 1
4.5 14.805394421984527 -3.497104225319261 3.254684878559808 0 0 0 1
4.6 11.205348870143931 -6.068144281849576 5.969082981794871 0 0 0 1
4.7 12.821163253909548 -3.2946311203651564 -4.674688472629499 0 0 0 1
4.8 10.533572852320857 7.676933223619906 -12.284942339558734 0 0 0 1
4.9 13.309458264306176 4.452434588172529 -5.261566357058923 0 0 0 1
5.0 19.81440298908967 0.7179782054731045 -4.30114358106296 0 0 0 1
5.1 14.06275485411875 -7.015204843131347 -5.408716249149374 0 0 0 1
5.2 17.952672059300713 3.5846238589682073 -5.71383770971685 0 0 0 1
5.3 5.213092662088849 1.516256679056387 6.228914135468402 0 0 0 1
5.4 19.295824250645726 -3.1510610811177973 1.7664671475590508 0 0 0 1
5.5 18.41354188790003 -2.4479428207475395 -4.40158008339978 0 0 0 1
5.6 14.919474071480234 -9.977524780559605 1.0153859541249615 0 0 0 1
5.7 13.924140058405335 3.0019976225750926 5.9832875770513425 0 0 0 1
5.8 25.656321221470684 -5.36323738468446 -2.673083826786467 0 0 0 1
5.9 15.30078655088885 -0.7818323431740539 -4.9466657400838665 0 0 0 1
6.0 20.67248343480606 -1.1607055895643716 -12.701940587031451 0 0 0 1
6.1 15.169866668186943 -6.104830357708319 -8.958232330165453 0 0 0 1
6.2 18.590017456025937 -5.527765858847694 -6.596476779966809 0 0 0 1
6.3 24.271918384320465 1.0699574950646562 -7.6711941138593565 0 0 0 1
6.4 23.16921834750455 -0.9041996627910804 -11.5871085527654 0 0 0 1
6.5 14.977513359712757 -13.708994464142732 2.3800773942409394 0 0 0 1
6.6 17.224819739628224 13.701612915925523 -0.5428916062796993 0 0 0 1
6.7 25.33895251251737 0.48279960978966674 -6.933338247654115 0 0 0 1
6.8 16.79771432627755 -1.146723663304062 3.989143317047695 0 0 0 1
6.9 28.276303223880223 -3.263948641081356 -2.008571760961285 0 0 0 1
7.0 22.120809493190357 -1.3447592599035518 0.8460350178437999 0 0 0 1
7.1 22.096988744647525 -10.344293292058534 9.318128705066792 0 0 0 1
7.2 28.353036861240717 8.187789463529288 -5.741989037945697 0 0 0 1
7.3 31.181157856807506 2.589004829456951 2.0004006344021903 0 0 0 1
7.4 26.07077649952855 0.5406476339755102 0.5603974158619618 0 0 0 1
7.5 18.876089771389807 -2.772727083075546 14.367855438815893 0 0 0 1
7.599999999999999 34.76967993121745 7.36311962173618 5.020354820639195 0 0 0 1
7.7 28.83667504085392 5.7328905483677115 -8.202031881320503 0 0 0 1
7.8 29.77070558572158 5.25033084853418 1.7389992049297227 0 0 0 1
7.9 18.419997735112 -2.760080824583528 -5.583866037314324 0 0 0 1
8.0 26.407902526215917 -2.099272933882248 -0.2538651673890815 0 0 0 1
8.099999999999998 38.50747143581684 -2.8810544806766556 -18.812633646152076 0 0 0 1
8.199999999999998 29.048091344427093 -8.277213574498493 4.946870442371157 0 0 0 1
8.3 33.49450965062472 1.1036878937924914 0.19818828181733394 0 0 0 1
8.4 39.50999870864956 0.12380902376145553 -12.507596081772261 0 0 0 1
8.5 35.99254038012688 -0.6214520330402742 16.43681952883938 0 0 0 1
8.599999999999998 36.6936309863844 -3.699589384458722 10.496638187562752 0 0 0 1
8.699999999999998 33.6054513584908 -8.291820943294594 -7.56287035094501 0 0 0 1
8.8 34.99237931146009 7.54603069843488 -4.365635603453656 0 0 0 1
8.9 48.13405498646757 0.18642083057580194 -7.14795003176839 0 0 0 1
9.0 30.123353137340462 -0.02848659013733279 1.9052024829779821 0 0 0 1
9.1 34.9886280628301 2.779493753260506 6.028401786948665 0 0 0 1
9.2 46.21841221902802 -8.295497305988416 7.925430722564972 0 0 0 1
9.3 34.54238127412311 2.9707926310278907 -15.551332532280707 0 0 0 1
9.4 49.0986839474017 -0.6406222596662534 -4.903468045206456 0 0 0 1
9.5 32.09723099306946 -0.8166784207432887 1.1116391828627652 0 0 0 1
9.6 44.79436273125053 -1.7233964021739858 0.20108123703728253 0 0 0 1
9.7 39.042209744687405 -5.1870380325991725 -0.35132292889855776 0 0 0 1
9.8 55.48130785640291 -0.512469715585226 8.087119675096993 0 0 0 1
9.9 37.29719125324264 -3.3195434656242524 -0.17199128332584834 0 0 0 1
10.0 40.74497507669676 2.148495892543087 0.9200276916084498 0 0 0 1
10.1 56.43772515182178 5.759361843560804 -10.295263046189632 0 0 0 1
10.2 63.962236500243726 -5.872983399903127 4.8194403120185285 0 0 0 1
10.3 38.29977292684111 -3.8798937378191045 -4.764469648886699 0 0 0 1
10.4 55.855198295632974 -10.025682453805164 -8.72386168995006 0 0 0 1
10.5 51.02783455589763 -3.289964506997287 -7.6516766161032095 0 0 0 1
10.6 60.21155628770194 0.554084434725798 7.8667956309599205 0 0 0 1
10.7 55.287028908847645 -6.7947149284338595 -6.200527978638924 0 0 0 1
10.8 58.21569904236247 -4.073622804271428 -1.3049912779013724 0 0 0 1
10.9 65.43455968807163 -0.056639331023852435 -4.011152115400677 0 0 0 1
11.0 61.082535319963945 -3.8632741010602576 5.280907057670685 0 0 0 1
11.1 50.803184692062466 -2.450502180009032 0.1923047726689724 0 0 0 1
11.2 63.92787192698937 -0.1153474848218643 8.237326358980791 0 0 0 1
11.3 68.50134753962675 1.7648392222017169 5.883205886634602 0 0 0 1
11.4 65.32414466965636 -2.036467962140282 -9.723619795342444 0 0 0 1
11.5 62.50014937439227 6.144400673466013 8.56476599139621 0 0 0 1
11.6 64.55818138815948 3.0447333139633086 -16.143652636028012 0 0 0 1
11.7 66.02932006630937 -7.2116198994019935 0.7839176698069501 0 0 0 1
11.8 64.41622023208993 2.5645967055658403 -5.051817901438646 0 0 0 1
11.9 73.85106945499399 -5.927683525596718 -8.579715643449738 0 0 0 1
12.0 71.68461694700773 4.908147661182001 -5.048908366224953 0 0 0 1
12.1 73.3206836021855 -0.6300528983266531 3.1649794996235414 0 0 0 1
12.2 76.52069847875772 -5.070464087623829 -3.60999092019998 0 0 0 1
12.3 76.36637666130004 -1.8898747514779082 6.424077524031848 0 0 0 1
12.4 71.28733184081284 -5.959551776821979 -2.3411751309935767 0 0 0 1
12.5 73.0077573891592 -12.361894936245987 -8.880190068721127 0 0 0 1
12.6 77.45877542115461 -3.1830662045558142 0.3423674554941556 0 0 0 1
12.7 77.68359421059276 -5.030577826572992 -1.481180990575325 0 0 0 1
12.8 80.04509208892743 3.163865544182258 -3.7231698066125816 0 0 0 1
12.9 72.06510733359798 -1.5435838749144164 6.065019410317298 0 0 0 1
13.0 84.11062345396401 6.076499596652306 -0.3770288819727341 0 0 0 1
13.1 84.31237026882614 3.0907973163170617 8.718528756611896 0 0 0 1
13.2 83.53924574349371 -1.407849523958868 -4.412357480730037 0 0 0 1
13.3 78.95289899412089 -2.768953083523815 1.7909241925928896 0 0 0 1
13.4 92.78387514940724 3.7926494611440305 1.54593100073604 0 0 0 1
13.5 93.48255980102374 -4.599725863382428 6.758225333538668 0 0 0 1
13.6 96.70721691596286 -2.2535685466855604 0.3030668477139713 0 0 0 1
13.7 94.61829326046109 6.403430616715413 4.7033276972507 0 0 0 1
13.8 101.77698348329315 4.8668349937261475 15.02703236643245 0 0 0 1
13.9 90.07665189031795 -2.1374096419600406 -2.024672999329546 0 0 0 1
14.0 97.68676697329255 -0.22160466406226575 -2.7679040936922874 0 0 0 1
14.1 95.30381314068728 -3.4917619344709614 -1.2280839522031073 0 0 0 1
14.2 103.2924712443177 1.6772958483557119 9.849292637136529 0 0 0 1
14.3 105.31565115469625 4.928685502536144 -2.609829737340469 0 0 0 1
14.4 107.42146782608913 8.792631829088942 -1.2797184935565937 0 0 0 1
14.5 105.08398988316992 -1.262428225563518 -0.20820671656690592 0 0 0 1
14.6 101.05155135926783 -3.725304473519543 -3.914361275068025 0 0 0 1
14.7 106.2443198314083 8.876739092943367 9.457092519433886 0 0 0 1
14.8 109.1322462720875 7.021068606231072 8.009284721914362 0 0 0 1
14.9 101.20073416293656 3.017519944615941 -2.774619514841426 0 0 0 1
15.0 106.29040225515791 -0.9013867146712222 1.2416358120487487 0 0 0 1
15.1 104.29615785018142 3.2113713256997762 -16.24142512212748 0 0 0 1
15.2 113.40643854753945 3.345396010216337 4.790413992141552 0 0 0 1
15.3 115.60519240580857 9.403433978549561 7.88744280019084 0 0 0 1
15.4 116.41273628526034 -4.587776201906049 9.182320081538464 0 0 0 1
15.5 120.0013589017893 2.733746132215334 -4.673309306403702 0 0 0 1
15.6 119.56641977274644 -11.532956790652825 -2.2709031473360284 0 0 0 1
15.7 117.55603182569135 1.6654047859689456 9.048344718534821 0 0 0 1
15.8 126.52893647460358 7.816959748614956 5.993832251263157 0 0 0 1
15.9 124.82915384811194 2.3184031662138977 -3.2894702155549567 0 0 0 1
16.0 125.53604371425888 -2.1154985615316946 3.3920725647407153 0 0 0 1
16.1 132.04740192665312 5.945762830896289 -1.5346004126957808 0 0 0 1
16.2 129.18684490671717 -1.1953465858681582 -13.439861509685748 0 0 0 1
16.3 131.06741272041864 -2.3371303626979625 7.87852076449137 0 0 0 1
16.4 137.69930793771687 5.393271541606872 9.038337621502798 0 0 0 1
16.5 131.05419583825545 -6.2741016407638455 -1.4333898756196675 0 0 0 1
16.6 141.153029379049 0.24776869230792187 4.565134762318841 0 0 0 1
16.7 133.5959884234639 -1.7931677942710351 1.2248077292932749 0 0 0 1
16.8 150.8994860668998 4.595806394984397 10.149102721571857 0 0 0 1
16.9 143.02418154563574 -2.6114419854496376 4.504034063389241 0 0 0 1
17.0 137.37848071206201 1.6890209340395366 2.522424898240935 0 0 0 1
17.1 143.07263677514726 3.1120041847252686 -4.2441668884432815 0 0 0 1
17.2 146.71863632913409 -0.6067770165928508 7.358745177728423 0 0 0 1
17.3 144.82272900940274 0.8575396555189947 4.9641624572605565 0 0 0 1
17.4 147.04808941453942 -6.018919616386466 7.226056839580224 0 0 0 1
17.5 150.64064359021472 -2.6410272040385934 -5.1085257587425446 0 0 0 1
17.6 162.51635779463652 -3.3615954894892717 -4.763517023436549 0 0 0 1
17.7 154.57155824353853 -3.651223064822375 11.567736757962905 0 0 0 1
17.8 154.56473660876532 -7.627846024129784 -2.260298601933613 0 0 0 1
17.9 157.36302154558268 -1.9061408715641832 3.540846684289022 0 0 0 1
18.0 166.11491150583356 -15.78640601867319 -4.635526325158153 0 0 0 1
18.1 157.51800236849908 10.902242629997318 5.317737351934227 0 0 0 1
18.2 170.44913857673572 -0.4535290693627587 8.866345401101057 0 0 0 1
18.3 155.44204627859938 -2.556394848127219 16.383765111397032 0 0 0 1
18.4 166.00870760318566 4.484812094079153 9.822481469983927 0 0 0 1
18.5 167.11632252885653 -0.12337080331499095 -2.8937274976545098 0 0 0 1
18.6 171.31284193825337 1.4153545532221656 7.697906714267717 0 0 0 1
18.7 174.51805529582953 -4.4562381621751825 10.736354818479654 0 0 0 1
18.8 170.69591388655078 -0.6684081045998305 -13.428338512485084 0 0 0 1
18.9 177.71173268676827 -7.474910260320939 3.22101606075681 0 0 0 1
19.0 185.87358492567193 -1.0752648215726026 2.5755775922683455 0 0 0 1
19.1 176.48723038506472 5.521766900942964 -5.5763124426851505 0 0 0 1
19.2 184.3058862827349 -1.4528663752580044 3.698981291386957 0 0 0 1
19.3 189.8735713159462 0.4872671059012674 -2.1339962674688024 0 0 0 1
19.4 188.12300058278572 -11.631373431798433 -10.864484511900343 0 0 0 1
19.5 180.3590115204904 2.9000008316375485 -5.081747823792952 0 0 0 1
19.6 178.96288659002388 -3.6761806409864093 5.899084790578186 0 0 0 1
19.7 193.40155260404185 3.397048501297924 -9.11322689000228 0 0 0 1
19.8 205.96447099863843 -8.69435309385058 -4.739210719890124 0 0 0 1
19.9 203.17289814964113 -2.062123689113598 -9.2507776277683 0 0 0 1
20.0 193.58877793178107 3.906428441728508 15.756154066185232 0 0 0 1
20.1 201.10207332155588 1.1465162735960277 -4.66349181027303 0 0 0 1
20.2 197.42379571654726 5.117115718132403 -12.491386563972952 0 0 0 1
20.3 215.95019286830973 -5.087187515675112 2.594929153980871 0 0 0 1
20.4 208.19833197769145 3.944009901155951 12.341283491980917 0 0 0 1
20.5 213.51008352326093 5.849059171883994 -3.0027065841961758 0 0 0 1
20.6 208.24435647662398 -6.410950547894018 1.2255883448790286 0 0 0 1
20.7 218.05834485283043 -3.5437819331984386 8.596060041973757 0 0 0 1
20.8 217.83204743413947 1.5127471020518186 4.542598236188937 0 0 0 1
20.9 208.93117940631896 5.442576625560122 -5.147204370089497 0 0 0 1
21.0 214.55410548136427 -6.584931622418047 3.5419183584648692 0 0 0 1
21.1 218.4127033012518 2.0692687226488644 -16.222446933258638 0 0 0 1
21.2 226.3856654425463 2.477992443526176 -10.805943717260178 0 0 0 1
21.3 221.61818341002007 -7.2507502440120675 -1.424825674479223 0 0 0 1
21.4 227.4715222842629 -2.8219512252976315 -5.100122310200007 0 0 0 1
21.5 222.039431293431 -5.234698144746545 -3.83811961706202 0 0 0 1
21.6 228.14448758964258 -2.680429613481465 -5.976660731859624 0 0 0 1
21.7 238.74918967929403 3.766357298244003 8.662220852984802 0 0 0 1
21.8 243.2220247060788 -0.36918564170521506 -7.922395762345047 0 0 0 1
21.9 233.39368329994585 -2.832690521785864 0.5715750458549991 0 0 0 1
22.0 241.80715415036315 -3.0106286492058345 -6.906633792386472 0 0 0 1
22.1 241.0290078965073 2.439674874652191 1.0023819351127514 0 0 0 1
22.2 251.57652226513517 -1.5192063073825892 -4.9540870746075 0 0 0 1
22.3 254.30342282310983 0.4986876102590756 3.4832542770273136 0 0 0 1
22.4 249.39278524197587 6.402632384614627 -2.891399263888985 0 0 0 1
22.5 254.55223227339474 2.061714788781522 3.7069595550279075 0 0 0 1
22.6 249.67834709226955 0.11041961659273625 0.14627784776561725 0 0 0 1
22.7 264.6510507721659 -2.4147168278115743 -3.865436898790051 0 0 0 1
22.8 262.32928548053144 3.989607636338654 -0.970844551745472 0 0 0 1
22.9 259.2311703749996 3.6792548478569884 -13.724402480116012 0 0 0 1
23.0 263.0740525205655 12.02566888169983 -0.8813709270981747 0 0 0 1
23.1 257.37742241119344 0.5185182693947752 -1.5832795868048208 0 0 0 1
23.2 266.45239249685244 1.4914615089155845 3.599586144201126 0 0 0 1
23.3 273.6544993025342 2.6991072406203287 0.06148930030830968 0 0 0 1
23.4 266.36866459390427 -2.4371390476127246 -0.3131652551977311 0 0 0 1
23.5 262.21227919096833 -1.9498740831808803 -2.9148449099316167 0 0 0 1
23.6 273.04490138913184 -5.651999805038727 15.331069672924954 0 0 0 1
23.7 274.778176263656 -1.5245756825397478 0.42300392633586625 0 0 0 1
23.8 287.6815998965791 -1.9066351845007077 5.008548012919917 0 0 0 1
23.9 285.2259549538703 -8.981980682782002 7.597065198664453 0 0 0 1
24.0 281.7936810602934 -0.5855062600159613 3.2564407310210157 0 0 0 1
24.1 291.2184205075694 3.8362037306232466 4.909525874366636 0 0 0 1
24.2 290.1401759219359 1.8977355837801468 -5.000870250007054 0 0 0 1
24.3 291.60674206963847 -4.57811467279484 1.8452043723082028 0 0 0 1
24.4 295.26365074017247 2.2889890742760883 -4.531251025534914 0 0 0 1
24.5 295.5454263095718 -7.85389398352843 2.8555164672127944 0 0 0 1
24.6 295.20536232311747 7.62668708489813 -5.348813777966257 0 0 0 1
24.7 306.18230525603303 0.6980928602147713 9.668241328109588 0 0 0 1
24.8 300.1359852542326 -7.059404757732423 1.9949510095365213 0 0 0 1
24.9 308.6611712563316 -4.342272694798055 7.134933002816098 0 0 0 1
25.0 306.25201840060623 1.2589362363512109 8.193046884657292 0 0 0 1
25.1 313.978030639357 -7.686959108423281 6.424046279408373 0 0 0 1
25.2 313.6600746520705 12.203680536426525 -5.760217295574648 0 0 0 1
25.3 313.91153513555986 -11.527288531125151 7.77982334899707 0 0 0 1
25.4 322.39437091937424 3.8037914820741747 -6.059001567485296 0 0 0 1
25.5 316.2364083554046 -2.429412478372093 4.019405970588451 0 0 0 1
25.6 319.02146760317686 -1.7119117654058158 -5.037789660314473 0 0 0 1
25.7 330.88536488890395 0.6177346799348982 7.245760019088749 0 0 0 1
25.8 341.5788952366975 2.8282219523385947 -0.9110328100496474 0 0 0 1
25.9 328.78730508570294 -10.705130029206671 0.026112433225193854 0 0 0 1
26.0 340.70223038598186 3.56406768479102 -0.15146857394270796 0 0 0 1
26.1 339.3514603666858 -3.3463184192369937 -3.2989767585129357 0 0 0 1
26.2 342.2385538509141 0.010127689481237212 0.45971566837803834 0 0 0 1
26.3 338.1164706641136 -0.2328479475126244 2.017874801020696 0 0 0 1
26.4 348.69266956929255 -2.0444423396686346 7.783750399250124 0 0 0 1
26.5 341.6910365373319 -1.7147965425850913 10.399743991692219 0 0 0 1
26.6 353.58655270047285 -5.908706810389759 11.972625589521357 0 0 0 1
26.7 348.7649582087451 -2.485635678417424 1.4927047048092845 0 0 0 1
26.8 349.81080060761985 -5.628707186737074 -5.589938390787211 0 0 0 1
26.9 364.90193148524605 -2.3447205085229825 -1.9350249831853432 0 0 0 1
27.0 358.8311594775048 1.7755113228103028 1.2014838050571939 0 0 0 1
27.1 364.17802370957793 -7.233878256851327 -0.6266344466091027 0 0 0 1
27.2 368.21980799183086 -3.526521899529712 6.1839704057364315 0 0 0 1
27.3 362.5758930229963 -9.178625784639962 -1.583113731992995 0 0 0 1
27.4 371.702667517974 -4.855458292163078 -8.93156418906895 0 0 0 1
27.5 376.1180957429001 -1.2949417012005995 -18.996833757057658 0 0 0 1
27.6 374.8538835585916 -2.314574351860344 3.9526835645017115 0 0 0 1
27.7 375.4313152982485 -5.4811496210891875 -8.179362386618607 0 0 0 1
27.8 386.6381752469949 6.176449614172327 -6.615955228142809 0 0 0 1
27.9 391.15437929991174 3.1110741122853227 1.4370008677304043 0 0 0 1
28.0 385.62610445100694 1.4235859084141111 0.6476039918396168 0 0 0 1
28.1 392.5176273895553 -1.0790563818180772 3.148741587611454 0 0 0 1
28.2 389.56202331010894 3.5104352146873623 9.727730167259267 0 0 0 1
28.3 397.23304872690477 6.490623674882983 3.9737958649019447 0 0 0 1
28.4 407.74395032658174 3.369823297027679 1.1859710141472988 0 0 0 1
28.5 406.23158249044695 2.3603945583487302 2.3066970451600355 0 0 0 1
28.6 411.3657401503016 -5.5462644864599895 0.9144783618936287 0 0 0 1
28.7 408.3522785918546 -2.8313825304757643 1.5415050494445097 0 0 0 1
28.8 414.8371309274093 0.3016885760461889 -3.913155173819945 0 0 0 1
28.9 424.4646176798909 -6.169973783173759 -9.779864406395376 0 0 0 1
29.0 413.78934481938694 6.538509428709332 -3.0691019715474397 0 0 0 1
29.1 428.13805537535217 0.7482049919581755 7.771149915975229 0 0 0 1
29.2 417.04082917202084 -3.045047641007045 5.705792272672852 0 0 0 1
29.3 428.0966722352474 -0.4226447576875785 9.256071321368609 0 0 0 1
29.4 434.28930516389875 -13.446763378200629 3.6650874654107213 0 0 0 1
29.5 435.161922700505 4.91770408400096 0.05426902376072462 0 0 0 1
29.6 443.2962223609479 -13.152791983578666 -5.47449378575007 0 0 0 1
29.7 440.31816356494403 -1.0602369786344497 0.08991089445950706 0 0 0 1
29.8 452.2218963668564 2.1631943794786537 3.3043428268795196 0 0 0 1
29.9 445.74775084974294 8.473903312965206 5.654831927314007 0 0 0 1
30.0 447.6332038530122 -3.3038193900673463 0.6996573999485918 0 0 0 1
30.1 445.598685160443 3.31123093251621 -1.5603858050245094 0 0 0 1
30.2 457.7691055856331 2.027941534980485 3.1937017122975817 0 0 0 1
30.3 455.4999132268046 0.22072107188711243 1.1819862460952493 0 0 0 1
30.4 458.5591370378963 -1.8297165347784414 3.1566135614317545 0 0 0 1
30.5 461.95475236770335 -4.4658118998959395 8.223166715559898 0 0 0 1
30.6 471.32136984346846 -4.910701557424545 10.232423465269704 0 0 0 1
30.7 474.59935578791925 1.9308950004626695 5.351285737752249 0 0 0 1
30.8 470.28995864618287 3.654460714793757 4.580192503667945 0 0 0 1
30.9 474.16942141017915 -1.9817649466134384 -5.847623250895737 0 0 0 1
31.0 479.438209605869 1.02665633866728 6.024558965013682 0 0 0 1
31.1 477.0344567239937 7.0273543519817565 -2.9945654226911813 0 0 0 1
31.2 488.2779730132719 -2.6232422367032626 -2.085705880002763 0 0 0 1
31.3 478.4501150580521 0.863059375410046 0.9717706996551954 0 0 0 1
31.4 494.7306446351208 -2.033602936359074 -1.680275137107202 0 0 0 1
31.5 497.12853899691237 10.387365483068848 -1.2706562591663726 0 0 0 1
31.6 495.26996559311635 -0.32238618673780195 2.025243697472064 0 0 0 1
31.7 496.63583654484296 -0.463600928897705 -7.4355419897626405 0 0 0 1
31.8 512.0419778979939 1.2700786038983978 -5.178497368978924 0 0 0 1
31.9 501.4749990969175 4.680564213420581 -1.5689384078211788 0 0 0 1
32.0 512.3050653821963 2.4417672287744665 -7.435292735590906 0 0 0 1
32.1 508.35792688683915 -1.2578032729005173 -13.959779991463222 0 0 0 1
32.2 518.2593679394222 -6.519668915174165 -4.12649927153592 0 0 0 1
32.3 510.415969186756 4.437334469419056 9.856083244994494 0 0 0 1
32.4 519.5967691885617 0.004186633346037638 3.635354698933469 0 0 0 1
32.5 528.0885617428579 -0.12881340002034847 -8.768327232149431 0 0 0 1
32.6 534.4823680894672 -3.251692325321997 3.114143644300526 0 0 0 1
32.7 528.2534097015254 3.3204494576840204 -4.059518825609246 0 0 0 1
32.8 527.2724096085688 1.6314938884477357 -1.6291787748465083 0 0 0 1
32.9 545.2319607841005 -0.8346290666973601 -9.717863299294493 0 0 0 1
33.0 547.0000877250634 4.66137164868185 1.5066316349607973 0 0 0 1
33.1 551.5141122507749 4.524272837354147 -4.627614658450511 0 0 0 1
33.2 545.7888344255664 -0.0124745058832616 1.5736672087002432 0 0 0 1
33.3 549.180083152173 -2.0062936909152285 -7.321297547980549 0 0 0 1
33.4 564.0302323203773 0.6583139289834605 3.9888370964593207 0 0 0 1
33.5 564.5682618319212 5.255473715284666 -9.074094012554951 0 0 0 1
33.6 566.4315542332857 2.9062898803591395 5.26620274375253 0 0 0 1
33.7 568.0103853186364 5.380756564448234 -12.110466608306837 0 0 0 1
33.8 572.8399320231591 -6.513172435259079 -5.624304540343587 0 0 0 1
33.9 572.6499768640058 10.111213264735838 1.9492331691278366 0 0 0 1
34.0 574.3875376515833 -3.6430505514631903 -6.221961984350116 0 0 0 1
34.1 578.2017800684227 -4.2254706437049805 2.676885369302454 0 0 0 1
34.2 584.0922050206723 -1.771530603215055 11.177049873340707 0 0 0 1
34.3 582.1602884152802 -5.565162540290103 -1.5734994879480837 0 0 0 1
34.4 592.3652651757006 0.9535704582506526 11.053978486954975 0 0 0 1
34.5 594.8306578089617 4.57150716045409 16.28520446451708 0 0 0 1
34.6 598.4019514006997 -2.063113914835995 8.919187042893554 0 0 0 1
34.7 595.6488762302002 2.1810614898269733 -2.5671355195119645 0 0 0 1
34.8 601.2281795676686 -6.334260799344108 -3.4248914389025913 0 0 0 1
34.9 602.8726916610964 -3.679545513123543 7.538992564984881 0 0 0 1
35.0 610.1983609491442 -0.8899815192208251 6.473383670736098 0 0 0 1
35.1 609.6640390117061 -6.442487489374457 -1.3465007740484225 0 0 0 1
35.2 611.194013704774 0.25515377671707995 1.8208664609395555 0 0 0 1
35.3 625.1482634934855 1.875522354660788 3.733143490394184 0 0 0 1
35.4 627.1878689089009 -2.2188405920682186 5.589703501446536 0 0 0 1
35.5 628.2155029161672 0.3242686580194629 -7.245901737965767 0 0 0 1
35.6 627.5410153747214 -2.3593916523167024 2.916512383649433 0 0 0 1
35.7 624.2932393316967 4.958197534847869 13.575783299906618 0 0 0 1
35.8 637.4443719410124 -1.098125796883238 -13.284078029717762 0 0 0 1
35.9 639.8542658485874 -1.5806190359970742 0.31153254018551024 0 0 0 1
36.0 649.2888507709296 5.3470194279387755 0.6877210359507444 0 0 0 1
36.1 649.3408948270961 10.035633635746237 -0.05492866588241441 0 0 0 1
36.2 652.948590199502 7.21152288974298 13.120278724323896 0 0 0 1
36.3 655.8296972597284 1.0386561316204137 9.960102330415737 0 0 0 1
36.4 658.8437029165583 15.155695876107202 1.4903266317689372 0 0 0 1
36.5 669.7780762586088 -10.299127836263722 15.469976709437958 0 0 0 1
36.6 665.4494661187463 -8.005096550700344 -1.5930652273808619 0 0 0 1
36.7 674.9288240714334 9.750461774045519 4.688828708113135 0 0 0 1
36.8 678.1363221139801 -5.261957251114438 -3.4232007942055134 0 0 0 1
36.9 670.3030873117015 -6.087274232252639 3.7492796526609027 0 0 0 1
37.0 681.114133040728 -4.768834191442579 -2.7645358404608373 0 0 0 1
37.1 679.6388083706729 2.0625076955584234 4.3833646197682015 0 0 0 1
37.2 693.0728299699108 -1.026463108191848 11.79506000808425 0 0 0 1
37.3 691.5872158628958 -11.936626050814198 1.9144049570567745 0 0 0 1
37.4 700.4415034548965 6.471637499539156 -3.468260757023643 0 0 0 1
37.5 702.5181239890876 -7.644264617148934 11.271701459049837 0 0 0 1
37.6 700.2680631988587 2.4027318211319084 9.653254362957796 0 0 0 1
37.7 714.0064047022672 5.642350538066353 19.697745003141563 0 0 0 1
37.8 714.8539702556054 -7.204715594832436 0.02577757267619063 0 0 0 1
37.9 718.4035564683529 -4.068503782693398 -17.834744884958923 0 0 0 1
38.0 717.9702187631303 -3.5309156388343013 -1.264674787535398 0 0 0 1
38.1 734.7473115166612 -0.15343324611401954 5.7560408512557615 0 0 0 1
38.2 723.2480429205241 8.747215253062222 3.194326361771516 0 0 0 1
38.3 736.035546365021 -3.6270298491138533 -2.8094911286207775 0 0 0 1
38.4 733.8536336838188 1.7721197908416286 -9.469005511577052 0 0 0 1
38.5 741.6924617920354 1.3323909059059815 -7.034973291059771 0 0 0 1
38.6 739.1516654094102 8.257844504749386 4.309000115182414 0 0 0 1
38.7 747.9597671105973 -5.168322109744906 -5.294070921049524 0 0 0 1
38.8 748.739214244282 -3.966076148735567 9.610657556845979 0 0 0 1
38.9 753.5177055159362 2.552792446757934 9.581244808031897 0 0 0 1
39.0 756.4456846253936 5.380938762974267 -7.80429760712093 0 0 0 1
39.1 768.4209883071671 -5.786017979203734 -1.46965709747559 0 0 0 1
39.2 759.3249171457888 -4.964099514476658 -2.6405234039619927 0 0 0 1
39.3 776.9220257734609 -7.168500634700081 0.5870681675580727 0 0 0 1
39.4 765.9222632660371 5.736005648073899 -9.91159708080255 0 0 0 1
39.5 780.8049536484195 0.37163317247856753 -4.064803030436053 0 0 0 1
39.6 781.1370370637881 -4.490172407233786 -14.374665485957848 0 0 0 1
39.7 788.4416294512502 4.267702891013869 -8.076222137910918 0 0 0 1
39.8 782.29911337511 3.5015381331144226 9.102847199867995 0 0 0 1
39.9 787.0336038137884 5.128812476491277 -4.557700522512732 0 0 0 1
40.0 788.25349932587 3.9351246557997115 -9.422166464820577 0 0 0 1
40.1 801.5953164570489 7.139530880626467 13.826880942075604 0 0 0 1
40.2 797.3614673925008 1.7803244044189057 3.0909237493302726 0 0 0 1
40.3 813.5945365473754 -1.081810412198081 0.37231197704613805 0 0 0 1
40.4 813.3560182034132 -0.8849210862520067 8.189765298518807 0 0 0 1
40.5 819.1051530097986 -6.677537845234525 7.8781635435915405 0 0 0 1
40.6 809.2665243569062 2.462268764601504 -8.177838247710724 0 0 0 1
40.7 830.6401675656223 -2.349527004804372 -0.1219376805871093 0 0 0 1
40.8 826.1867341543655 3.067322623360724 -6.266272933262655 0 0 0 1
40.9 834.5842278135174 3.153558646139942 7.104379657705124 0 0 0 1
41.0 835.2885798278772 -10.760454967371203 2.120068552247403 0 0 0 1
41.1 833.5421801937608 -9.767286138811642 -7.3559744348297045 0 0 0 1
41.2 843.034269779402 -2.883113705637612 4.052630005537139 0 0 0 1
41.3 855.3399138864811 -2.4414215248573896 14.852522756320752 0 0 0 1
41.4 850.9616875542299 5.855148000459565 14.7162904115213 0 0 0 1
41.5 866.4780260852934 1.307364105916946 -2.04655191382858 0 0 0 1
41.6 857.2464871490266 -0.5908129386730252 13.776375424301364 0 0 0 1
41.7 863.6267634932497 3.9465342299034205 -8.602071667846076 0 0 0 1
41.8 866.0865637300602 2.6949423457839146 -5.541658122122158 0 0 0 1
41.9 876.9317928816583 1.020497829064027 -9.439808690785242 0 0 0 1
42.0 875.2994144130644 -7.0924099241880185 -14.279807193380975 0 0 0 1
42.1 882.9382509933988 -0.19569561012190206 3.1041892273927374 0 0 0 1
42.2 884.5581883100322 -14.60016027928529 -10.549647678372878 0 0 0 1
42.3 901.5870607544869 -3.76224385133753 -5.039604489716737 0 0 0 1
42.4 895.6304242227073 8.839663366595573 3.385225517655556 0 0 0 1
42.5 893.6913228465561 1.4836321271838244 6.064846663978074 0 0 0 1
42.6 896.8674195079591 8.77831014059393 -20.910281379989385 0 0 0 1
42.7 901.2969816124288 -0.851606319614973 -4.770845155091536 0 0 0 1
42.8 913.4501660329294 0.5766607007399784 -8.100702959346677 0 0 0 1
42.9 923.2575223148096 -2.6450083008380716 1.6251941678644926 0 0 0 1
43.0 924.5739814983436 1.7035927611683235 -11.35010228866355 0 0 0 1
43.1 924.3693109387152 -4.484865888619652 -13.99123877845824 0 0 0 1
43.2 930.658591163315 -5.243288852140864 4.174437167776773 0 0 0 1
43.3 938.9370960429284 3.9550655873886456 -18.18544993975786 0 0 0 1
43.4 938.2471194934853 0.06149990516010462 -9.15371925249002 0 0 0 1
43.5 950.0826981375172 1.5018301407160664 -1.143330459325739 0 0 0 1
43.6 950.6109603638579 3.059271837872245 13.774869884938028 0 0 0 1
43.7 959.1855862991586 0.9389982290955459 0.07378327822664232 0 0 0 1
43.8 960.3334213291603 2.143250524316869 -2.3534352763896322 0 0 0 1
43.9 957.0251876564804 -10.83828665167556 -10.188319165436837 0 0 0 1
44.0 971.7777799604233 -2.684543669016506 -11.016466229444802 0 0 0 1
44.1 959.9179773753189 4.035850004541288 3.6428648114463726 0 0 0 1
44.2 969.21763649506 -2.131571930455891 -4.223816868459664 0 0 0 1
44.3 983.1362453042523 -1.8144102163803666 -8.540386074622404 0 0 0 1
44.4 982.5293899760455 4.766131662814473 -1.8140907914197442 0 0 0 1
44.5 994.2278012960155 7.16603574797773 -3.7582880011956377 0 0 0 1
44.6 992.3578671048258 -8.28762666287767 6.429159719081554 0 0 0 1
44.7 985.1740269927764 -1.4136801677497886 1.6283366757318163 0 0 0 1
44.8 1001.1847813923314 5.952205154231365 -2.3274148092723976 0 0 0 1
44.9 1000.354785444312 6.690262624079196 -12.257055411689805 0 0 0 1
45.0 1009.3630075659997 2.3292002398389116 -7.088739284148971 0 0 0 1
45.1 1019.4850675616021 7.56520852645275 7.8027113054073425 0 0 0 1
45.2 1010.4678758227756 2.4160340134931744 8.439517143491855 0 0 0 1
45.3 1021.118979134016 2.7768922064988146 -6.723973323383802 0 0 0 1
45.4 1032.7214632924347 -0.36291211803984424 7.540564394431669 0 0 0 1
45.5 1022.4308312997426 -1.5746353872406473 -3.4550539183392175 0 0 0 1
45.6 1032.1232426834279 3.8977239398082872 6.486637606158979 0 0 0 1
45.7 1038.8759734585449 1.9853807922124531 3.260519279462187 0 0 0 1
45.8 1048.2638904758646 -11.503696264077917 -16.471585837307487 0 0 0 1
45.9 1044.9880697676617 -3.194354362915277 2.6491208295742013 0 0 0 1
46.0 1051.853588764182 -0.7699033892654938 3.181047019247899 0 0 0 1
46.1 1057.4181015389188 -10.27166427564839 -6.673825402338707 0 0 0 1
46.2 1067.2162482736176 -5.939853151622543 6.180813867944607 0 0 0 1
46.3 1072.3268403626985 7.092006921719332 6.805859929506994 0 0 0 1
46.4 1072.0940180666937 -6.915957666489504 -12.721998132545252 0 0 0 1
46.5 1075.1636416460983 9.478621293577959 -8.51750966460719 0 0 0 1
46.6 1082.2331077942463 1.3839791437098086 0.8273332348763347 0 0 0 1
46.7 1088.218236391845 2.7136868152308864 12.47820018697388 0 0 0 1
46.8 1087.8225062058323 5.951410943296082 10.211652823932297 0 0 0 1
46.9 1102.7801374276892 -10.171005080388568 -3.0216979930444836 0 0 0 1
47.0 1110.624543696681 1.6379586231259395 -3.83620920589982 0 0 0 1
47.1 1083.9489796597436 -1.9036307460956152 4.960080059955999 0 0 0 1
47.2 1099.3370705270495 4.551651613812453 5.0316664177235 0 0 0 1
47.3 1108.7235228927436 0.5828770610907839 -8.351649339570429 0 0 0 1
47.4 1117.090713342766 -1.3295639541721869 10.496033851020854 0 0 0 1
47.5 1128.2207098101574 -1.3235475970221842 -2.5073065247644877 0 0 0 1
47.6 1126.7226370391331 -5.0494533305841 -2.800505120885134 0 0 0 1
47.7 1128.2092456761106 1.737719999783593 -0.6161253751955655 0 0 0 1
47.8 1129.0931435908094 -0.5947637882752872 -3.473240574186434 0 0 0 1
47.9 1144.0761102727768 -10.450467713172571 4.549286740637285 0 0 0 1
48.0 1150.0183323026151 -3.0023572836009578 -4.935943919961744 0 0 0 1
48.1 1146.9639288822657 9.526718425270047 15.130211297597953 0 0 0 1
48.2 1155.8893451211193 2.2054225809176558 5.364701480172982 0 0 0 1
48.3 1163.3160346499699 6.790936692268929 -13.296966991239401 0 0 0 1
48.4 1161.7162250627846 -5.15468431538855 -3.209681080924952 0 0 0 1
48.5 1178.3037241216095 -0.8854579249701544 -10.107902676683807 0 0 0 1
48.6 1184.0929360804023 -0.5766126295638117 9.39724348479433 0 0 0 1
48.7 1185.0070722093458 -4.359729389077046 -6.24103078521739 0 0 0 1
48.8 1185.8298629132198 2.764412368643093 -10.387455559681825 0 0 0 1
48.9 1189.2626698145527 -6.424885254272596 -3.4880439198170734 0 0 0 1
49.0 1199.7519186922991 0.9084398454128575 -4.589308720533495 0 0 0 1
49.1 1205.451178301464 9.54387401746743 16.00129471488094 0 0 0 1
49.2 1202.9004065563995 -3.197868677510286 9.788834091633134 0 0 0 1
49.3 1204.902251371875 0.05177350398579961 1.2487606781505747 0 0 0 1
49.4 1215.8351519483901 3.948070005170706 -1.9946101583901736 0 0 0 1
49.5 1216.753516096901 3.363378070808068 -7.365523539294713 0 0 0 1
49.6 1222.8776945121194 10.73522224698803 -1.7339515910907721 0 0 0 1
49.7 1218.7943937580958 5.903812960976239 10.633673925907146 0 0 0 1
49.8 1235.120528628182 -2.055843865744606 -5.761339384514258 0 0 0 1
49.9 1243.4523721935388 -2.366687264057447 -7.4150680883552695 0 0 0 1
50.0 1247.3275008560106 -1.6689573380865852 5.5971486293319686 0 0 0 1
50.1 1250.254739248197 -4.4989246404731205 2.242887418235796 0 0 0 1
50.2 1250.1647037894422 0.47048944580933494 9.033235009485566 0 0 0 1
50.3 1262.217545242211 4.507980324251946 -7.880890725859899 0 0 0 1
50.4 1262.8738117221742 6.52699583719459 2.0454168877777192 0 0 0 1
50.5 1264.5956428176405 -2.75227660255689 5.48239361345054 0 0 0 1
50.6 1277.800611480056 -6.653961879080583 -13.421072061786504 0 0 0 1
50.7 1280.4327803874648 -2.341559345217405 9.14854028237005 0 0 0 1
50.8 1278.5684883797803 -1.0938438480801267 9.40400330417674 0 0 0 1
50.9 1292.4636719400985 -5.876003456698157 -10.72496149636811 0 0 0 1
51.0 1299.3179619413138 -7.719321319866879 5.067010762415293 0 0 0 1
51.1 1300.8950047685007 0.0947721562025663 1.1218608005749502 0 0 0 1
51.2 1307.0520338062088 -1.773678521203692 1.4156863273284443 0 0 0 1
51.3 1309.650269756945 8.109376161901366 -2.999644832691274 0 0 0 1
51.4 1318.826479474982 3.9442565797315865 1.901976402827927 0 0 0 1
51.5 1311.2514825613632 3.596858627773088 -7.46169607916022 0 0 0 1
51.6 1323.690702352165 6.080754013935945 -4.6490551025182185 0 0 0 1
51.7 1328.515510582692 -6.738247088792093 -2.6295845487993574 0 0 0 1
51.8 1340.528263292446 3.921984734539194 -5.231224397301048 0 0 0 1
51.9 1345.0830620545134 -2.0085559179281063 10.226891083711507 0 0 0 1
52.0 1358.561438112599 2.646190015157856 4.136374544892988 0 0 0 1
52.1 1349.1158975014005 -2.376850296426767 4.3244203770995 0 0 0 1
52.2 1356.3714344107925 -5.088305762747211 16.180080605743456 0 0 0 1
52.3 1371.5738724439145 6.023931758249802 -14.371016799354038 0 0 0 1
52.4 1362.7580912720532 0.2130389232143557 10.349983414160192 0 0 0 1
52.5 1372.3480976281753 -6.042502061765958 7.452408692238805 0 0 0 1
52.6 1373.4450388933296 -2.6569607082058724 -5.034635874362721 0 0 0 1
52.7 1389.317102096435 -1.8869739011473143 -1.450847853997061 0 0 0 1
52.8 1390.6162963686866 3.189607165583027 -1.750055129468251 0 0 0 1
52.9 1396.6269664466595 -0.7176179232184836 1.162200394666229 0 0 0 1
53.0 1398.5287831595142 1.1328396599812436 4.67151575226012 0 0 0 1
53.1 1405.4297945268613 0.9717222817083666 6.342863797832933 0 0 0 1
53.2 1408.8894760918656 1.5696865841001681 11.503146621927158 0 0 0 1
53.3 1414.8429457448906 -2.4753683406639198 -8.727662970377196 0 0 0 1
53.4 1426.7809119147262 -5.72153234509841 -1.9791420630950824 0 0 0 1
53.5 1422.307592950875 -6.123104337716256 15.958023489422885 0 0 0 1
53.6 1432.3132013624809 4.274736708764522 17.158251369233426 0 0 0 1
53.7 1442.3744517527764 4.550033626319873 -5.568405106390742 0 0 0 1
53.8 1442.849228539856 0.7893253997486909 4.495797166998159 0 0 0 1
53.9 1451.3588326000468 -1.6540429830911307 8.698617533824518 0 0 0 1
54.0 1453.3891006532835 6.315276337305988 4.113624489807307 0 0 0 1
54.1 1458.9533588673007 3.96121589737362 -5.548552181706896 0 0 0 1
54.2 1460.7177966215581 -7.126084887503794 16.557333404992846 0 0 0 1
54.3 1473.9032760881128 8.413618194923856 -7.111631434186165 0 0 0 1
54.4 1483.0300238853688 -1.3596758368911992 10.123958625899718 0 0 0 1
54.5 1476.8950750916567 -7.352074502171149 8.983036924194835 0 0 0 1
54.6 1491.6157799218868 -5.348575293371255 6.018585144196777 0 0 0 1
54.7 1489.3369257571762 1.2504488138115448 -0.6847884310217296 0 0 0 1
54.8 1493.3159372002203 -4.517998592665492 14.336824586305966 0 0 0 1
54.9 1501.157760311441 -3.6533281700171756 -7.907745335633081 0 0 0 1
55.0 1511.460236451124 4.898902670856387 -2.5997953518516397 0 0 0 1
55.1 1506.9711584343913 3.47649995797633 5.633143833565214 0 0 0 1
55.2 1512.8513217792015 6.754444835193851 -4.445347528174466 0 0 0 1
55.3 1533.7164759565626 -3.5329031050628146 6.722954883065199 0 0 0 1
55.4 1533.498806058533 -1.434208192501444 -5.592616437356014 0 0 0 1
55.5 1547.6860274293467 1.7742650042440005 -4.241144859165843 0 0 0 1
55.6 1548.4946703362948 -2.696526302556947 -5.017914972999392 0 0 0 1
55.7 1548.985104120303 3.610264207096634 -0.2056107119913122 0 0 0 1
55.8 1549.3554297307178 -2.7680077099070104 -1.4588832438932968 0 0 0 1
55.9 1564.3545279251953 2.8286934032181534 12.792804565616734 0 0 0 1
56.0 1560.0492166058566 6.362185033173091 -4.787778878738322 0 0 0 1
56.1 1569.1255962741052 5.99327237491309 7.743745659233809 0 0 0 1
56.2 1569.3479011301981 1.6976338285685415 0.7977817642972695 0 0 0 1
56.3 1577.2881184788841 -4.778131604029227 0.5434619266792424 0 0 0 1
56.4 1581.8362260446795 -3.4363701068346586 -0.6876468792219157 0 0 0 1
56.5 1595.7823526033048 -1.8055461833677668 8.047156351103354 0 0 0 1
56.6 1601.4618478055895 0.44414012898141664 -1.9985749320404693 0 0 0 1
56.7 1604.074935338142 -1.0063041926137544 -3.989821899432286 0 0 0 1
56.8 1601.1882340563832 -0.4671557795687704 6.8880806204457485 0 0 0 1
56.9 1607.0107359506862 2.6050297661337254 -4.557210897431673 0 0 0 1
57.0 1613.7095225894545 1.3477921461505957 12.930393141505647 0 0 0 1
57.1 1633.738751662574 -1.1339936628387477 9.203487472881307 0 0 0 1
57.2 1639.1567118386774 -4.153134606602862 2.6732805914701885 0 0 0 1
57.3 1638.3164459342977 2.0917554730174857 7.592686332097628 0 0 0 1
57.4 1646.4599958315794 -5.212218097513187 12.295244998957514 0 0 0 1
57.5 1653.3304782012362 -0.11888262220958268 -2.5317841774071894 0 0 0 1
57.6 1657.3463196495686 5.363959175227251 2.4338465970146217 0 0 0 1
57.7 1663.796110985448 6.47636988751708 -4.501733850866231 0 0 0 1
57.8 1662.8367145562472 -4.681358538705524 -1.1744002562829792 0 0 0 1
57.9 1663.4601610949712 2.8675871169232323 1.655303301950653 0 0 0 1
58.0 1677.8263752042396 1.782100648760661 3.125375810156129 0 0 0 1
58.1 1684.605945241705 -5.695487654624742 -13.941883198351888 0 0 0 1
58.2 1691.5411184672334 -6.34641222070934 2.1344113982490853 0 0 0 1
58.3 1693.469760962492 3.9855820826298327 -3.167296719690057 0 0 0 1
58.4 1698.8554531727812 5.971335801229202 -1.0747847799278816 0 0 0 1
58.5 1712.106390286762 0.4163358989101198 7.343598268377036 0 0 0 1
58.6 1709.5096169752087 3.5867897250797682 8.80867855498957 0 0 0 1
58.7 1725.282642364958 0.9714732086231948 -4.037772716314066 0 0 0 1
58.8 1722.0523348799538 -2.7319668926176064 -11.053757255197183 0 0 0 1
58.9 1736.5220286835133 -3.2345090696691727 2.8922916023091148 0 0 0 1
59.0 1741.5120078226282 -2.6312984880274826 7.204738612088931 0 0 0 1
59.1 1738.1825426076302 1.9054131838951776 2.3023156985399282 0 0 0 1
59.2 1745.0627383022238 -5.478698241423899 7.291587283677245 0 0 0 1
59.3 1755.35556645403 1.9680276282310842 9.158544286023698 0 0 0 1
59.4 1764.5711872688082 -9.319016837677907 9.895600541179647 0 0 0 1
59.5 1763.3349342672548 8.868499403576152 3.91166223580683 0 0 0 1
59.6 1773.614140126101 -2.5976259112172215 -14.004592253548026 0 0 0 1
59.7 1788.0644808400011 -2.2476160251707142 12.28404944349802 0 0 0 1
59.8 1777.20039384953 2.512901055960981 -6.399418119067491 0 0 0 1
59.9 1776.8048357012494 2.5715495930763836 -4.4076552264010616 0 0 0 1
60.0 1791.0253285442707 -3.660896961876972 9.377239373270186 0 0 0 1
60.1 1795.0722190174395 2.6666967864966864 -3.0941683034149037 0 0 0 1
60.2 1806.1399507781912 -2.4331076625617243 7.6828578485981325 0 0 0 1
60.3 1814.4466702913744 1.7954815376163538 -10.132847438116755 0 0 0 1
60.4 1814.0745985299427 -5.296008306405838 7.009161723146121 0 0 0 1
60.5 1823.6811171379798 -0.027532352408798033 -3.6041106300868933 0 0 0 1
60.6 1828.838344287565 7.163521908331575 -13.098948963770113 0 0 0 1
60.7 1837.588866993587 -8.560689676955121 -8.08309324806305 0 0 0 1
60.8 1845.0381800607925 -4.2868374694814975 1.0492184504838633 0 0 0 1
60.9 1847.9999821201202 0.08620368056722327 4.167765239074697 0 0 0 1
61.0 1851.0850436775588 -9.626148469498787 3.3974468295527913 0 0 0 1
61.1 1858.7072596080777 3.3638378118097876 13.547087550556057 0 0 0 1
61.2 1872.4326309608819 0.3787708005310719 1.2424969303261832 0 0 0 1
61.3 1874.7782441111774 -5.577911320771705 -1.5714423628649001 0 0 0 1
61.4 1872.212374888088 10.548300145914709 -2.855412633958281 0 0 0 1
61.5 1881.9751531440925 3.878397926341165 -2.2323812266156438 0 0 0 1
61.6 1886.8297881681613 -4.903582609056684 12.924644570514488 0 0 0 1
61.7 1895.9889501765801 -3.582031635346425 0.2032874866901011 0 0 0 1
61.8 1901.7841670169832 3.3284920961834246 -2.1946633611095194 0 0 0 1
61.9 1908.6232888892575 -1.9726993594075566 -5.713888784420874 0 0 0 1
62.0 1921.2321607283343 -4.513468023213306 -4.2952393601963195 0 0 0 1
62.1 1922.285011879588 -4.896668038742632 -8.303642463217557 0 0 0 1
62.2 1925.463961606364 -2.3294330546763717 -2.7290057421249685 0 0 0 1
62.3 1932.2228783936146 4.569131642926152 4.4742748359198 0 0 0 1
62.4 1937.0567567937696 4.876113818058968 1.834442281993006 0 0 0 1
62.5 1949.1602048126392 -3.164459427441102 7.900903282771083 0 0 0 1
62.6 1953.3603608748915 -0.3077801789007708 -11.595565368038933 0 0 0 1
62.7 1958.2699367335128 -5.651336023975546 -4.058076749232669 0 0 0 1
62.8 1966.8524030284411 -1.6703137617290622 6.284802639095915 0 0 0 1
62.9 1963.3019333433042 7.42119059852871 -0.2631188405555349 0 0 0 1
63.0 1982.308975552198 1.2528165246556 -5.50914248222557 0 0 0 1
63.1 1979.207274366012 0.3876482316454144 1.097140509849737 0 0 0 1
63.2 1998.1658813162512 -8.215588993611618 -9.08750104043395 0 0 0 1
63.3 1992.663903313855 2.114289240703897 -10.029626758508243 0 0 0 1
63.4 2005.9716101256438 -1.8347774253172133 -4.593075370660813 0 0 0 1
63.5 2011.9121224704645 0.3806148030077452 -4.340471598139857 0 0 0 1
63.6 2011.4535657425758 -2.5255723698045927 -4.037308837624096 0 0 0 1
63.7 2027.751101864642 -6.861298531960472 4.004404824758012 0 0 0 1
63.8 2023.8164761996625 -2.7987531526613907 -14.968386384794258 0 0 0 1
63.9 2033.4572412199286 -0.976152704627907 -0.39115651835641074 0 0 0 1
64.0 2043.5150927548784 -1.7203995093747153 -2.8487394390824647 0 0 0 1
64.1 2045.2289630041873 -7.141044579825291 5.29436357461816 0 0 0 1
64.2 2045.0899481206525 -1.6996663677070956 4.0192727267251485 0 0 0 1
64.3 2064.8914722889576 12.839650795428554 4.908578412014208 0 0 0 1
64.4 2071.195770163142 -2.627871550984537 -12.437689248252696 0 0 0 1
64.5 2066.427705311511 2.2454722308629584 11.326721420361537 0 0 0 1
64.6 2076.075489338823 -5.461499796542796 2.93704864289964 0 0 0 1
64.7 2085.286776218003 -1.736162402132777 -4.763363301619279 0 0 0 1
64.8 2101.3104412258926 -2.637062219919244 -2.3706182387085164 0 0 0 1
64.9 2098.344690709246 0.19540978395218644 8.296664845914847 0 0 0 1
65.0 2101.948829779996 -7.277912789720915 -7.59869235962617 0 0 0 1
65.1 2112.5770784924343 -6.201932647995704 7.140365850529292 0 0 0 1
65.2 2123.765702501164 2.1371547239322695 5.8544702115571 0 0 0 1
65.3 2126.1907597290124 -1.9239632235179442 -8.563589761968046 0 0 0 1
65.4 2135.4022341455134 6.547750791061105 1.5576635002839794 0 0 0 1
65.5 2131.68106461186 0.5650440400187904 7.677506584485286 0 0 0 1
65.6 2152.2564575042366 6.080979382768589 -4.567790774171613 0 0 0 1
65.7 2146.6351221860355 10.513422882455586 9.874524682606989 0 0 0 1
65.8 2156.581376750119 -0.38285921924796185 -0.06325185239916209 0 0 0 1
65.9 2158.6242696293966 -1.4839472455950613 3.6747444112525045 0 0 0 1
66.0 2174.469737948316 8.687142188877203 2.1406031395272294 0 0 0 1
66.1 2178.3392504310523 4.807250350073048 -0.3086635580073107 0 0 0 1
66.2 2190.748710008558 -0.5955523332486337 12.763999726308157 0 0 0 1
66.3 2197.3406378246227 -5.079903696962106 -1.9298453814201366 0 0 0 1
66.4 2193.5495724986963 -1.4012915000010935 -6.101340869224487 0 0 0 1
66.5 2202.611321803005 5.316958205054334 2.3431273431207273 0 0 0 1
66.6 2202.9015985945794 0.26996174324017375 1.3335027249408995 0 0 0 1
66.7 2225.476019062694 -2.6465006816403047 18.257657715504592 0 0 0 1
66.8 2226.5590848918296 2.1693743076322676 -5.683425569762335 0 0 0 1
66.9 2231.259508903499 3.522290443508325 -7.1586385654128435 0 0 0 1
67.0 2248.6559559683024 5.299915254429209 11.490248101882685 0 0 0 1
67.1 2246.478702780138 4.0156499720548595 2.924228045125915 0 0 0 1
67.2 2240.9824494094937 -5.581448557731051 9.221377164690807 0 0 0 1
67.3 2258.9542413830823 0.26296256512711125 -15.969784494627788 0 0 0 1
67.4 2264.1815600499967 -11.083546295192889 -3.1392205969581255 0 0 0 1
67.5 2268.4768481926612 -9.43513794994243 -8.808711225074376 0 0 0 1
67.6 2276.846406116094 1.3617532496468243 6.749587308652281 0 0 0 1
67.7 2282.1999474785625 3.4673234565719326 4.302763110829801 0 0 0 1
67.8 2290.2650620584045 -1.4478675193196864 -2.982071769467211 0 0 0 1
67.9 2302.825754616538 -3.6871382492756197 -2.4015513134758066 0 0 0 1
68.0 2314.154901333563 1.5851868104910523 -2.91865321245416 0 0 0 1
68.1 2308.208833440487 -1.1978212659713563 2.4067828220655656 0 0 0 1
68.2 2312.74315164329 -5.293065923796405 11.057394289400236 0 0 0 1
68.3 2322.844809140581 -6.49816309288957 -3.3465247291132982 0 0 0 1
68.4 2331.645758188646 -0.4879207263551848 12.4523299763988 0 0 0 1
68.5 2334.570885402918 5.632714117919704 -1.1338573543761186 0 0 0 1
68.6 2351.3396163101334 6.734910406212805 -6.599914749079403 0 0 0 1
68.7 2355.225565631656 -7.886695731111672 5.276674516396497 0 0 0 1
68.8 2363.26909105817 -5.008032130095842 -2.686991392688469 0 0 0 1
68.9 2364.2022211523904 -6.526245506111081 -2.2826990760102035 0 0 0 1
69.0 2373.5301896750434 -3.393387597700496 1.4435608285230046 0 0 0 1
69.1 2376.7188946523256 9.450627001202577 -1.9836094538625275 0 0 0 1
69.2 2392.2696830207196 0.11242857869461886 4.852240342669575 0 0 0 1
69.3 2395.167213207106 9.825247303478648 0.09735337031406743 0 0 0 1
69.4 2405.95779335771 -1.7628313348213283 9.110553083351306 0 0 0 1
69.5 2411.649257991249 2.757615080033247 3.9647568334119114 0 0 0 1
69.6 2414.094543020604 -4.932528962277047 -6.140923809443848 0 0 0 1
69.7 2423.6973413038513 5.8720485704507155 2.089649818321277 0 0 0 1
69.8 2423.7281129583434 -10.302219802739387 0.9585034061942679 0 0 0 1
69.9 2431.4331602321568 6.091934902732476 -3.957726282153999 0 0 0 1
70.0 2447.569523585895 2.317543315026228 1.712917569309866 0 0 0 1
70.1 2452.8064083181944 -3.640027736026184 16.822464499303805 0 0 0 1
70.2 2451.3566414430393 -7.810863091869294 -3.449129896258455 0 0 0 1
70.3 2455.42048704567 0.26586314433723146 2.631443441374131 0 0 0 1
70.4 2465.107604579336 2.994105133861069 6.532248901155754 0 0 0 1
70.5 2477.2244213083163 -1.2180107177180162 4.808071170117728 0 0 0 1
70.6 2489.1728763020437 4.438818050408486 9.428196293416022 0 0 0 1
70.7 2486.2736199908277 7.0810465207013635 12.363436111179908 0 0 0 1
70.8 2501.0848051569155 -1.4190973523069488 0.07577392452503773 0 0 0 1
70.9 2505.4121790762993 -5.736097828536344 -15.738325237989557 0 0 0 1
71.0 2509.0246370213854 -7.205432560883651 2.440458682061717 0 0 0 1
71.1 2518.1718362548077 -0.444419198223045 -1.1210819472898947 0 0 0 1
71.2 2525.897210862871 -1.2914398239773845 -7.512978414187046 0 0 0 1
71.3 2538.218542935772 -2.7122121178343264 -3.095739682876683 0 0 0 1
71.4 2537.6860559718393 -3.9990523008702326 2.055257334157659 0 0 0 1
71.5 2549.2625350290814 -4.54047990663571 4.607146589451986 0 0 0 1
71.6 2557.159392408113 -6.201854426359716 9.594335883228268 0 0 0 1
71.7 2575.231124404475 -6.892691219220467 -7.608342948588188 0 0 0 1
71.8 2568.6152615025794 -0.43090542654238106 -2.568088811038251 0 0 0 1
71.9 2582.89419120377 4.741323250274604 3.738819652819302 0 0 0 1
72.0 2584.324532461669 -5.227012738694725 7.500734367671157 0 0 0 1
72.09999999999998 2595.046569547581 3.9972359774134816 11.635622721094933 0 0 0 1
72.2 2600.164854476322 6.394434024299869 2.7601026359097887 0 0 0 1
72.29999999999998 2606.4580125866437 4.662396202591822 1.5201450873457816 0 0 0 1
72.4 2613.746880090003 -5.785847695655207 -1.6853293562428462 0 0 0 1
72.5 2619.8001299125663 -8.091811605894918 -0.7890248782614435 0 0 0 1
72.59999999999998 2624.6799104201655 2.8181568581486545 10.660607036694046 0 0 0 1
72.7 2633.789535564783 -0.4071755431023121 4.778306044437386 0 0 0 1
72.79999999999998 2641.3163640450157 5.608880981622349 1.427928464483557 0 0 0 1
72.9 2640.7613044697828 -5.53472974436653 6.818209464866868 0 0 0 1
73.0 2660.9532270129885 -5.400201260551228 5.00485197078433 0 0 0 1
73.09999999999998 2660.895033529532 1.483105776098455 4.419058908238185 0 0 0 1
73.2 2675.262285077668 -0.15152594332971603 -0.39597756944976936 0 0 0 1
73.29999999999998 2671.6145159953962 -1.7717057494039068 -1.9931043070653232 0 0 0 1
73.4 2686.077784041684 -1.3413292149914469 2.6708020156413568 0 0 0 1
73.5 2700.3779004829266 -3.3992742682376047 6.354397997545448 0 0 0 1
73.59999999999998 2697.528084588341 -4.7016892563311785 -1.1707675712289074 0 0 0 1
73.7 2705.751372755098 -2.731819795056367 11.228230186533892 0 0 0 1
73.79999999999998 2720.883012547937 0.6486486267093596 1.2584905246965263 0 0 0 1
73.9 2724.611537640362 -2.4869627361404127 0.7746574950074319 0 0 0 1
74.0 2737.4192777543553 -1.5454346719229761 -1.1008503542934704 0 0 0 1
74.09999999999998 2740.599398044629 -3.079102592863137 -14.07000624678085 0 0 0 1
74.2 2733.2272990517863 -4.641212874519624 4.8535246126580205 0 0 0 1
74.29999999999998 2747.5002379977623 1.4675831253664455 -5.061228633377368 0 0 0 1
74.4 2758.506047972331 -1.9295401260203562 12.852949630227158 0 0 0 1
74.5 2777.9025087384225 6.038482636923391 -3.894472455719324 0 0 0 1
74.59999999999998 2783.8699826502243 2.1873821412743837 3.43739692995905 0 0 0 1
74.7 2788.1736457383445 1.9132733043852568 2.53700123037288 0 0 0 1
74.79999999999998 2794.8583116977934 -10.84001263811706 12.988191859631343 0 0 0 1
74.9 2796.4210340133586 -8.717022754908044 2.4464834997406797 0 0 0 1
75.0 2808.4510690279526 4.188549518354193 -2.6208807533405434 0 0 0 1
75.09999999999998 2809.8017738453837 3.8996870637025722 0.252844636927648 0 0 0 1
75.2 2813.731767943896 4.494003414722215 15.017104518354245 0 0 0 1
75.29999999999998 2829.1270706527557 3.057171231739403 2.664623125411481 0 0 0 1
75.4 2830.9194828227774 8.510644068662714 4.705387352220669 0 0 0 1
75.5 2840.2213312710087 -6.283997557448856 -3.5740180473646888 0 0 0 1
75.59999999999998 2852.261631432926 -1.7385099876123604 -6.063055987592861 0 0 0 1
75.7 2854.8662312426827 4.88386344632147 2.6379999111641155 0 0 0 1
75.79999999999998 2866.731866181462 9.317978867564534 6.622480837097783 0 0 0 1
75.9 2878.022421003407 7.575545323637812 -4.013672783883294 0 0 0 1
76.0 2879.2455885363706 -7.553839186994992 9.658262351085114 0 0 0 1
76.09999999999998 2893.6919126820303 0.8525378230731349 -2.5559583121776086 0 0 0 1
76.2 2895.4134478073825 2.3680034174722095 -0.4916907865142548 0 0 0 1
76.29999999999998 2900.306715185513 3.414095549057606 3.40153393623018 0 0 0 1
76.4 2905.682763412091 7.156162639403192 1.0448154783484824 0 0 0 1
76.5 2914.746478400844 -2.080727429231615 5.30368549764853 0 0 0 1
76.59999999999998 2927.48639526719 -5.443529816910086 -8.753826818414154 0 0 0 1
76.7 2935.8038170643276 -1.0836195557121755 -3.422425890693603 0 0 0 1
76.79999999999998 2946.1853009528745 -2.0084780699692146 14.818200047163828 0 0 0 1
76.9 2949.224391205492 1.111713371395922 1.867311533240354 0 0 0 1
77.0 2966.1468669409787 -6.580657975321856 6.496693709970941 0 0 0 1
77.09999999999998 2967.9977892375955 -3.773572523348207 -12.020594434264922 0 0 0 1
77.2 2974.1979407599047 4.812988977786404 1.9744448115618525 0 0 0 1
77.29999999999998 2968.257548016974 3.761181401547219 -4.141687155123009 0 0 0 1
77.4 2986.635551667899 7.104628524006671 -9.543282336301672 0 0 0 1
77.5 2993.1723453145273 -1.9210690159130763 -3.949286172259008 0 0 0 1
77.59999999999998 2999.878085518356 -3.8993586280919317 8.64229334827678 0 0 0 1
77.7 3016.5875489951354 3.841120169402757 4.583881767295225 0 0 0 1
77.79999999999998 3014.5641249233504 12.738284919332727 6.788039654696604 0 0 0 1
77.9 3030.689117003463 0.8352368372345609 2.2981079355286056 0 0 0 1
78.0 3035.162773905157 2.7098084678076475 9.491643924430946 0 0 0 1
78.09999999999998 3042.6263594901393 -5.445044741740503 -1.0152688803345882 0 0 0 1
78.2 3048.104248314001 2.8361564414221903 1.2552008223462963 0 0 0 1
78.29999999999998 3055.033228733284 -8.12861611880453 3.911746738550846 0 0 0 1
78.4 3067.3098171145257 -3.257742465377987 1.0538087305892532 0 0 0 1
78.5 3072.1721110042026 2.053728748096205 -5.304804812907605 0 0 0 1
78.59999999999998 3083.426872486658 7.102074466453132 -2.2051100952910474 0 0 0 1
78.7 3082.6212182446898 1.156857011691045 6.0488559980487935 0 0 0 1
78.79999999999998 3099.625673465149 -5.978881711453823 -1.8362037234865056 0 0 0 1
78.9 3110.7596462577153 3.6062045372995044 -1.81819924851834 0 0 0 1
79.0 3110.0114593459425 -6.195555212098043 8.858641836779043 0 0 0 1
79.09999999999998 3118.771468433881 4.7756953335727985 0.09849413174947586 0 0 0 1
79.2 3127.686952386688 -2.0144311649239626 1.8390913979164907 0 0 0 1
79.29999999999998 3137.198807588736 -9.177963504305353 -6.363262188577437 0 0 0 1
79.4 3143.5800573418214 -3.04440697271059 5.509124908009653 0 0 0 1
79.5 3150.240243341654 2.0252025005279393 15.481396946516725 0 0 0 1
79.59999999999998 3157.9623575851065 0.3845569534654487 -5.2000284499536065 0 0 0 1
79.7 3166.281994217245 -4.745749697130577 4.639266994689251 0 0 0 1
79.79999999999998 3166.6346125718997 -2.807725482971591 -1.1939631437689968 0 0 0 1
79.9 3192.31853932968 1.6394022562584496 5.078928993440968 0 0 0 1
80.0 3191.155391157834 -4.602116084107934 -1.103673890564778 0 0 0 1
80.09999999999998 3193.364027022563 2.9319161374739906 13.946931942172796 0 0 0 1
80.2 3214.999196921334 -4.0977449621819915 2.5434716865781866 0 0 0 1
80.29999999999998 3227.90530941469 4.888545662728234 4.31389499085526 0 0 0 1
80.4 3224.261420356425 -1.1519931387421138 -5.731478845817492 0 0 0 1
80.5 3231.38494389605 -0.5195588703523981 2.7918880378349513 0 0 0 1
80.59999999999998 3236.762078505568 -3.394375641085503 7.515061467231135 0 0 0 1
80.7 3243.875811641331 6.312829360684077 -12.083863668749018 0 0 0 1
80.79999999999998 3251.214253558872 9.033948538958384 -13.9679968681628 0 0 0 1
80.9 3264.890319042755 -2.213823667265501 1.9973220197027786 0 0 0 1
81.0 3275.901277440038 6.248075466496857 10.339705150753161 0 0 0 1
81.09999999999998 3274.7294530098243 -0.6017873101632176 3.1433914788678976 0 0 0 1
81.2 3292.1254346342853 1.6599773540340266 -5.108231682810128 0 0 0 1
81.29999999999998 3295.7746699262184 4.270682459812747 -6.693929574150616 0 0 0 1
81.4 3311.8090812925484 -3.9689985425442273 6.916603668465314 0 0 0 1
81.5 3320.547406119686 3.530541803627898 -13.161685005032496 0 0 0 1
81.59999999999998 3326.613640687312 -8.022022727303693 -1.2411674740183116 0 0 0 1
81.7 3328.2081738047877 -3.318987248835924 5.841781765386031 0 0 0 1
81.79999999999998 3328.139194324969 -1.5978258128933476 4.178328974144733 0 0 0 1
81.9 3339.7503114282927 -0.8107829360155847 -2.796274716202106 0 0 0 1
82.0 3363.111774787856 4.125350088363916 -9.746671951458893 0 0 0 1
82.09999999999998 3365.0266814231213 0.9605786556010116 1.5399589671840204 0 0 0 1
82.2 3371.00989750538 8.748248871219857 -4.036072595102041 0 0 0 1
82.29999999999998 3389.8317159068133 1.9329616367186873 1.185010666166363 0 0 0 1
82.4 3384.8060966022126 -5.219293540123317 8.275034197022933 0 0 0 1
82.5 3387.9063349566864 -2.904187143643753 1.3441564802517405 0 0 0 1
82.59999999999998 3407.804163109369 -2.9587728717868913 2.8281797442809875 0 0 0 1
82.7 3411.2809141325743 3.977629136569931 0.407654105913025 0 0 0 1
82.79999999999998 3416.249561699434 2.3168947185065463 2.509426024877939 0 0 0 1
82.9 3425.97758870577 -2.459862446054217 -0.7032684654993773 0 0 0 1
83.0 3438.2801561303872 -4.166964243490952 1.985917085732126 0 0 0 1
83.09999999999998 3448.488327345888 -5.593718667591588 -4.152793251521189 0 0 0 1
83.2 3446.6146941343723 1.551922900509112 -0.046792047383178215 0 0 0 1
83.29999999999998 3458.211245184672 -5.878137361406857 2.583290918874127 0 0 0 1
83.4 3468.07059705141 -1.6912664288580572 -6.480949157779605 0 0 0 1
83.5 3476.023581505068 1.5888670089934749 0.23298168263477237 0 0 0 1
83.59999999999998 3488.3410250490747 -6.782108241440142 0.4055362472415709 0 0 0 1
83.7 3489.935387731945 -7.825535122880638 -7.193798017570543 0 0 0 1
83.79999999999998 3494.020599887788 -0.08683930143627094 -11.50874631990041 0 0 0 1
83.9 3506.979971398202 2.667131889107395 2.4851986052051416 0 0 0 1
84.0 3518.5064423339236 -4.275924497414508 3.163686227484277 0 0 0 1
84.09999999999998 3523.1687981488312 -2.564890303079551 5.089131937343154 0 0 0 1
84.2 3535.5421596013657 8.10137605079808 3.41078399745993 0 0 0 1
84.29999999999998 3533.8322157484677 7.189524653697617 0.7711295662913926 0 0 0 1
84.4 3561.477588619502 -0.46415713871215303 9.1137084656541 0 0 0 1
84.5 3557.4426153592913 -5.871712426836552 6.448679252936927 0 0 0 1
84.59999999999998 3572.591394226716 16.62289893331547 0.4025311329357919 0 0 0 1
84.7 3585.2336437210756 0.3805768425917222 1.5553321589368352 0 0 0 1
84.79999999999998 3584.6261213422486 -3.091081039022356 4.5845057195915615 0 0 0 1
84.9 3595.0489186447485 -8.698321720701529 -10.821685310678504 0 0 0 1
85.0 3600.915195275229 -1.1748587979977856 -8.855023217932512 0 0 0 1
85.09999999999998 3615.2599392437724 -0.6864594972364557 5.26929372534687 0 0 0 1
85.2 3616.6375615655666 10.73213043162491 3.9609855536950818 0 0 0 1
85.29999999999998 3631.2930873414666 1.9226883958676808 7.743582723994905 0 0 0 1
85.4 3640.158370298399 -2.3934768270869426 12.061138758761217 0 0 0 1
85.5 3653.8645640165014 6.3213282561818005 -5.707748752654197 0 0 0 1
85.59999999999998 3653.7565919808467 -0.2924261841168345 7.0408843779014205 0 0 0 1
85.7 3668.200099135626 0.8871402579159167 -5.952198102000693 0 0 0 1
85.79999999999998 3664.7486285272807 -7.7695804236145705 6.705061981948575 0 0 0 1
85.9 3672.2054474207525 -3.724284379613323 -6.15192462488767 0 0 0 1
86.0 3690.2729608536906 -2.175640473303588 1.7987735253500432 0 0 0 1
86.09999999999998 3700.037966439639 2.7865674583025566 -4.6846785625743905 0 0 0 1
86.2 3710.7643209007183 4.00365065761423 -1.8013532008537823 0 0 0 1
86.29999999999998 3713.9152146718775 0.5863193555406951 -11.546340116398369 0 0 0 1
86.4 3733.2916610595134 2.217612859703877 -6.453778955551115 0 0 0 1
86.5 3740.898449350311 -4.683825011411727 -3.206499662780061 0 0 0 1
86.59999999999998 3744.0913596705823 -2.777280541964842 5.187123454043558 0 0 0 1
86.7 3753.991228530266 -4.559471207369825 -6.683078729894987 0 0 0 1
86.79999999999998 3760.9972519857274 4.080424411682884 -3.2690973952662716 0 0 0 1
86.9 3774.8626534472587 0.6807657485436494 3.580320952828515 0 0 0 1
87.0 3779.075523846711 -3.165034022192799 -9.319682885474549 0 0 0 1
87.09999999999998 3788.8531318347755 2.6897269229178846 -0.9485756525693887 0 0 0 1
87.2 3802.0153050580525 -6.278751700477073 5.545178814762949 0 0 0 1
87.29999999999998 3801.4842065446546 -5.93056734326251 -4.717276003229699 0 0 0 1
87.4 3810.4840578773023 8.568036875485404 0.5135143855536626 0 0 0 1
87.5 3817.04652637056 -13.766660095750808 7.292124197399289 0 0 0 1
87.59999999999998 3830.848237094076 9.757930722261108 2.2100055170778887 0 0 0 1
87.7 3835.260786871819 -0.7691573640623801 3.8629850822603657 0 0 0 1
87.79999999999998 3845.1247019743287 -3.701359077662346 1.8780781130340074 0 0 0 1
87.9 3853.2058779942427 -1.3368144925470915 -4.2266091685337415 0 0 0 1
88.0 3856.6966421598054 3.5280796908308503 2.225674012380523 0 0 0 1
88.09999999999998 3876.515628531116 -4.928416818634332 1.2018755003448405 0 0 0 1
88.2 3876.267469295929 2.5517919366947126 8.403372297714213 0 0 0 1
88.29999999999998 3889.7999132611535 8.310393046400918 5.196229240347293 0 0 0 1
88.4 3893.555265119096 4.699391151371287 5.148615778598241 0 0 0 1
88.5 3904.397379649777 -2.5529304589167623 12.250980031684321 0 0 0 1
88.59999999999998 3911.113686095083 3.450962314064327 -9.881597311117957 0 0 0 1
88.7 3928.3650098372077 6.9013189409793085 10.439959776978185 0 0 0 1
88.79999999999998 3930.341015365204 -1.8812380667477555 14.3459490338048 0 0 0 1
88.9 3942.1550106115346 -0.00732120219799981 -4.824731606797286 0 0 0 1
89.0 3957.9991284308244 7.394896521714145 -0.3977961849698204 0 0 0 1
89.09999999999998 3959.351803890432 -9.775764166479462 -8.627973693511422 0 0 0 1
89.2 3966.739323593641 3.811503907229394 1.9556908286456292 0 0 0 1
89.29999999999998 3978.5920352054927 4.118955040725837 0.786526190632685 0 0 0 1
89.4 3983.59053701702 -8.830139861951466 5.868233102517252 0 0 0 1
89.5 3994.2825621108964 -1.921794525723044 13.149770513745125 0 0 0 1
89.59999999999998 4007.6831563316327 0.9042883344861821 -6.9998945862478195 0 0 0 1
89.7 4017.425152522218 3.679207868768117 6.824259914190407 0 0 0 1
89.79999999999998 4023.9651628926194 3.6617466619229617 6.625734414416684 0 0 0 1
89.9 4039.4800794499815 -5.100931543059687 6.638196606644897 0 0 0 1
90.0 4041.397311539554 2.243971637917639 1.7743182028543742 0 0 0 1
90.1 4049.0528842261224 4.247964441392469 3.1418198343849326 0 0 0 1
90.2 4054.100167516356 9.501857348039493 -2.712579213414074 0 0 0 1
90.3 4063.616177226696 -0.6620095238207568 6.364657611929488 0 0 0 1
90.4 4079.869755180758 -1.5974396944073987 0.39225310487927345 0 0 0 1
90.5 4078.6107210845967 -0.3155656920889669 -5.343400345893542 0 0 0 1
90.6 4090.2979015430137 0.5230691875888169 10.291616063081847 0 0 0 1
90.7 4105.714256958397 -0.44992658405033126 -1.6972569895528977 0 0 0 1
90.8 4113.148547132749 -0.6608993170217445 -12.138088923048144 0 0 0 1
90.9 4122.221139603017 3.4548730619754906 1.358001177701908 0 0 0 1
91.0 4131.747973589456 3.2422467932567542 14.038942107957382 0 0 0 1
91.1 4146.517111914888 2.5148874069091107 -4.395865557365141 0 0 0 1
91.2 4153.505651570659 2.8030794133710515 2.971695432111801 0 0 0 1
91.3 4160.830610581692 2.766052264087989 4.07791799464303 0 0 0 1
91.4 4168.235296336692 -1.1163837026629153 -2.546009770276669 0 0 0 1
91.5 4180.606856744832 9.657291627050085 5.598384403062937 0 0 0 1
91.6 4185.82138415755 4.8750900398569 5.853973717409872 0 0 0 1
91.7 4189.402110007914 -7.925268336831323 -0.6707216822669579 0 0 0 1
91.8 4201.307426077287 -2.7916053782099652 -9.563033606043746 0 0 0 1
91.9 4212.24495710476 1.079794236896646 -2.461950679767824 0 0 0 1
92.0 4233.438955835369 -0.37110299244386624 3.7598057941745537 0 0 0 1
92.1 4239.069081447059 0.42781957198485543 4.531226010799401 0 0 0 1
92.2 4243.434619144844 0.12066028284573349 -1.6781496037067427 0 0 0 1
92.3 4259.5769956040795 0.46556738798574315 -2.8513059029421584 0 0 0 1
92.4 4266.813997572035 3.736503194925035 -4.318608367775369 0 0 0 1
92.5 4257.789840690694 6.247426169435926 8.145006777471735 0 0 0 1
92.6 4286.981960639819 -4.4176403801483275 -10.205028704596316 0 0 0 1
92.7 4283.014008620636 -2.9602771273852113 -0.8183745311989696 0 0 0 1
92.8 4293.226796778414 7.5140173975509015 -12.298435517681355 0 0 0 1
92.9 4309.016168610867 3.128157335688684 -2.0395920173900777 0 0 0 1
93.0 4317.0809914068595 -1.2773316205821175 -3.4556685880797886 0 0 0 1
93.1 4322.120283277464 1.3964496357826874 -5.449198918590582 0 0 0 1
93.2 4336.416995267042 1.7555103879949456 -4.689924427791539 0 0 0 1
93.3 4345.962723055777 -6.078746868128292 8.032439654779182 0 0 0 1
93.4 4351.775157236651 -6.353922073306421 2.469385833268234 0 0 0 1
93.5 4363.652556313647 -3.0180511273216553 4.866859459773195 0 0 0 1
93.6 4372.06311416887 -1.739773751014127 -10.180934922840606 0 0 0 1
93.7 4379.50510174304 -5.495588589153726 4.552686309065621 0 0 0 1
93.8 4393.748366449809 -4.246322214121733 -3.831136171128037 0 0 0 1
93.9 4403.78633665654 0.2290900489563228 9.722585458202957 0 0 0 1
94.0 4406.211304095225 -0.2514368579521715 16.609229103960843 0 0 0 1
94.1 4417.867653488644 -3.970856434948132 -3.3284511771823873 0 0 0 1
94.2 4432.006717780245 2.6662392066508573 -0.10913433040423115 0 0 0 1
94.3 4430.0434882829795 -3.803979788949391 2.695679524910929 0 0 0 1
94.4 4456.0130939081755 2.693992938030533 -6.87983474959924 0 0 0 1
94.5 4458.86219069687 3.7155779429915583 -2.8518298736273664 0 0 0 1
94.6 4479.571843549129 -5.2876433010846995 10.447850202036761 0 0 0 1
94.7 4476.395811510876 -9.923555526036239 -2.7640849244955916 0 0 0 1
94.8 4485.065168262008 -5.871621392163206 3.0921378911421016 0 0 0 1
94.9 4503.092288325465 0.5990470850618976 -6.001014942990878 0 0 0 1
95.0 4502.485002246613 -6.700320140863482 -4.265028790585575 0 0 0 1
95.1 4506.326019411437 8.049734887858676 10.541487896486615 0 0 0 1
95.2 4519.240305818578 5.9920098835342515 11.820816679804011 0 0 0 1
95.3 4535.156848671842 0.8490758489548398 12.883252040645857 0 0 0 1
95.4 4546.432996507787 -2.2525634069501166 -2.791175189186106 0 0 0 1
95.5 4551.325542901971 -0.7850065118971088 5.911212876680565 0 0 0 1
95.6 4558.319098135919 -2.8195749207492327 -12.81480956859491 0 0 0 1
95.7 4576.1379648445945 4.781311300129914 -4.294129807557965 0 0 0 1
95.8 4584.369378318114 -3.542877591612296 -1.7739166681526513 0 0 0 1
95.9 4594.465559182169 -9.859255957724145 3.761676684716349 0 0 0 1
96.0 4599.436916305478 -6.4415926908965275 3.1876468848038257 0 0 0 1
96.1 4600.735893828794 -1.510867622316141 0.8370819775291238 0 0 0 1
96.2 4623.734198122062 1.4943664180729002 10.856928626685203 0 0 0 1
96.3 4627.703455828241 -4.971860772248647 6.477228414125875 0 0 0 1
96.4 4631.905353894354 -1.4690476437815505 -5.147471945366306 0 0 0 1
96.5 4639.492125359417 -10.819385491910793 -0.11877305346115463 0 0 0 1
96.6 4654.93938575727 -7.963682940901776 -0.19480811316361724 0 0 0 1
96.7 4665.686558732207 1.953007296556052 -5.826269571135072 0 0 0 1
96.8 4675.9328431553595 2.00572788247473 -7.410839715721977 0 0 0 1
96.9 4676.339020986097 -2.529013787723329 4.925625188548111 0 0 0 1
97.0 4696.109376502418 -3.848109267549603 -4.567093496997586 0 0 0 1
97.1 4701.107965100367 -2.5625090831563284 -7.3193047462409595 0 0 0 1
97.2 4715.776783434748 -3.414196721834287 -7.93948654764381 0 0 0 1
97.3 4728.439287934505 1.9102973836428419 -6.468369141931817 0 0 0 1
97.4 4732.768160360181 -4.801577269511995 7.908069735220124 0 0 0 1
97.5 4742.037717166408 -2.1458854464912065 13.056862505041863 0 0 0 1
97.6 4748.148594686547 2.6825268080401656 5.1238568278904495 0 0 0 1
97.7 4759.855885668379 -0.43985306702063554 -0.3889203653370714 0 0 0 1
97.8 4777.927932469577 -2.026564749502654 0.3768156044029638 0 0 0 1
97.9 4788.452573839657 2.653044559488876 3.1876800512759473 0 0 0 1
98.0 4789.629726286614 8.625245910543754 6.251764839223597 0 0 0 1
98.1 4802.841744281079 -3.4165372100100058 3.127093287258049 0 0 0 1
98.2 4817.455117864219 -3.6179456797028706 -0.5109138133643683 0 0 0 1
98.3 4827.3510836778405 -1.7233102175891872 -2.0488820232030776 0 0 0 1
98.4 4829.049875230153 0.875273807997587 -4.989101573100015 0 0 0 1
98.5 4840.815621915775 -7.996589849898214 1.6630222278486144 0 0 0 1
98.6 4857.651749734026 4.546043281207517 13.215418175944706 0 0 0 1
98.7 4863.332835520829 -1.4510375688532804 -1.3921572070148613 0 0 0 1
98.8 4862.791452407862 1.1134888229469198 12.742086254595051 0 0 0 1
98.9 4882.346146059026 -6.7217865913002015 4.981581010524678 0 0 0 1
99.0 4887.042102865202 0.16765984743597073 -5.009538272995087 0 0 0 1
99.1 4892.695233889915 -2.57023456632578 -1.3381433242147978 0 0 0 1
99.2 4906.180626891426 -7.215029848762242 5.745592503890748 0 0 0 1
99.3 4923.347117361034 -4.508823353994899 2.4997363584761843 0 0 0 1
99.4 4925.206103347088 7.851868769889279 4.130156974049896 0 0 0 1
99.5 4938.249370816171 -1.9047830112820066 0.34330969823668056 0 0 0 1
99.6 4939.466912544458 -5.015694464432386 2.952668059534062 0 0 0 1
99.7 4963.249425762619 6.755889320016877 -1.3195405126234618 0 0 0 1
99.8 4965.275244200194 5.359535310679462 4.094801496765285 0 0 0 1
