0.1 5.516339625018695 2.6224899164494033 2.5714274708579063 0 0 0 1
0.2 6.160923306189117 3.6116605446067562 -12.44190185576035 0 0 0 1
0.3 14.859319290302807 2.222217958890942 4.822493647618272 0 0 0 1
0.4 5.541331591095577 4.37426478259653 18.04366576488663 0 0 0 1
0.5 6.835362247554018 -2.2742165112475297 1.0287550719653558 0 0 0 1
0.6 7.454673484968053 -1.8068957611057688 1.725351346077555 0 0 0 1
0.7 28.502503818933306 5.812048320120965 9.429970274398194 0 0 0 1
0.8 13.738049710928628 6.415187091105167 -14.894039376452245 0 0 0 1
0.9 22.497055803919245 6.122532503965365 -1.9339381750288354 0 0 0 1
1.0 24.912515176824158 1.8833764646027227 14.601618767574813 0 0 0 1
1.1 29.214518739742513 -2.7297804298480237 -5.362721514667477 0 0 0 1
1.2 29.261656944046194 -2.3266930469570397 18.32137011205257 0 0 0 1
1.3 28.187096381670372 6.084303265852869 2.703885124587355 0 0 0 1
1.4 20.707569216605638 -4.147672165173911 -4.044462063171332 0 0 0 1
1.5 23.149664851322935 -3.068639728223265 -6.29603963609627 0 0 0 1
1.6 29.169041220006292 0.012460209502960673 0.38420215924039525 0 0 0 1
1.7 37.81605400277198 0.7969235548088474 8.345549589050648 0 0 0 1
1.8 39.69898210611513 -6.791578574744696 0.7403461865626646 0 0 0 1
1.9 40.36106825321636 1.4927412060436671 -5.888320018133397 0 0 0 1
2.0 39.34189248670075 4.9088421817824495 8.35498928674969 0 0 0 1
2.1 48.203494211538086 4.9788707139733095 -13.394411989782448 0 0 0 1
2.2 48.28682094877525 7.5580495359497775 -13.382427122348812 0 0 0 1
2.3 53.49091452530708 8.128353185454422 -6.158675997324682 0 0 0 1
2.4 47.5945409537044 2.2782871688533692 3.350765107759912 0 0 0 1
2.5 49.632500581888394 0.46392305772699327 -5.96034257946587 0 0 0 1
2.6 52.87953406149778 -5.730448171997674 0.5222463878549597 0 0 0 1
2.7 57.28542219642188 3.4411766777988504 3.9228771166951937 0 0 0 1
2.8 57.269779044171685 -4.204137561211731 -7.581110631947055 0 0 0 1
2.9 64.08968482119027 -0.6848990080332662 -12.413739724361879 0 0 0 1
3.0 75.6190238998865 1.0823093345697696 -5.70525994752073 0 0 0 1
3.1 74.20281352426167 1.7481188235074043 8.301249960150663 0 0 0 1
3.2 66.96480385633866 1.5071883564991087 -4.368815931649497 0 0 0 1
3.3 73.49284451631858 -12.505045295044479 1.3162909643411425 0 0 0 1
3.4 71.90142626915409 0.43803661086284684 5.611089453945198 0 0 0 1
3.5 65.7534556571143 -9.275089292456272 -2.217292385235737 0 0 0 1
3.6 71.68155005613468 8.184185118719796 -1.4730517531840555 0 0 0 1
3.7 80.20768029925762 -9.177264397459046 -5.963781881255841 0 0 0 1
3.8 77.44630512302787 6.205994693915837 9.478063002743287 0 0 0 1
3.9 80.7700168974351 -0.6389100894218274 2.130120378144845 0 0 0 1
4.0 88.5939126791281 1.4347168362168539 -9.370507703039756 0 0 0 1
4.1 85.8846307603111 1.123162218160621 -12.200627144029362 0 0 0 1
4.2 91.81443126262496 5.556596523482044 7.763603278441025 0 0 0 1
4.3 95.6670620108683 3.528624662335673 4.244554897666582 0 0 0 1
4.4 91.21982674364557 -6.08251533556253 1.7516133349461498 0 0 0 1
4.5 97.66162896568274 -7.267382321643957 -7.172047912139739 0 0 0 1
4.6 100.21462243294737 -4.301239191627335 -2.035306158090769 0 0 0 1
4.7 103.0317117177496 -2.448398667689194 -1.5861961031361957 0 0 0 1
4.8 97.05719838409419 -7.378472356183574 -4.452550257492668 0 0 0 1
4.9 107.36245648471306 -3.9529641304937364 1.8258264524351233 0 0 0 1
5.0 113.7563049499826 -6.42406566668609 -2.250330664274564 0 0 0 1
5.1 112.2835050606235 0.8909566053857318 -3.1340463216654726 0 0 0 1
5.2 112.78741971745546 8.529328973376556 -5.24246693009929 0 0 0 1
5.3 130.12256542659915 -3.24925926726927 2.528661106636193 0 0 0 1
5.4 120.48899188212863 3.5113702738360253 -8.096271704262001 0 0 0 1
5.5 121.68812201519931 -6.290785175752799 5.181642906489117 0 0 0 1
5.6 129.93935216786835 4.292242343684812 -1.3115481110308025 0 0 0 1
5.7 133.1580179721529 8.938483171344611 -1.620036086824122 0 0 0 1
5.8 132.4694130163583 -4.7087514074921195 10.868161222936628 0 0 0 1
5.9 140.394003721628 -2.5312526898607253 -7.31321653323927 0 0 0 1
6.0 135.06244703468587 7.684579539849462 5.710879011313011 0 0 0 1
6.1 132.6837786438059 -2.456624125226071 -5.92780174086338 0 0 0 1
6.2 147.06821529531828 -4.555309155418151 5.241621693788737 0 0 0 1
6.3 147.1778442237922 -3.921212679211756 0.5672731994791178 0 0 0 1
6.4 140.35379885810184 -0.08657677520571028 -6.723763406955825 0 0 0 1
6.5 160.11838609373967 -5.977347530996127 -5.208087836958313 0 0 0 1
6.6 153.83948577138898 -8.4959303158725 -4.97635609239132 0 0 0 1
6.7 160.58907949308212 5.195148273720676 4.008158999169524 0 0 0 1
6.8 160.91467624664654 -1.8762722105130365 1.6870897787033812 0 0 0 1
6.9 164.18104967688126 2.6977485491649844 17.6421291294035 0 0 0 1
7.0 156.97828336272698 -0.3485749327381491 5.24662236669414 0 0 0 1
7.1 169.37276814224694 4.441064659321345 -3.9625092676317735 0 0 0 1
7.2 171.44859037678128 -1.6916288807435294 4.456655183984324 0 0 0 1
7.3 171.30086313750184 -1.1780193623008905 -7.954648187302581 0 0 0 1
7.4 172.53065294620842 -0.7293330460304581 -5.7925788791059745 0 0 0 1
7.5 182.7027206704266 -4.5432688558617755 0.5933340766806765 0 0 0 1
7.599999999999999 177.0812689073332 -2.7040620515783758 5.474784524581793 0 0 0 1
7.7 186.50533850808498 5.094183302635699 1.9083506815095603 0 0 0 1
7.8 188.97466393878165 3.8419511573985368 -15.88138015363063 0 0 0 1
7.9 196.26298135625836 3.814054737286476 10.134788126104581 0 0 0 1
8.0 198.26107674459746 -4.3107326511782915 9.690612695018729 0 0 0 1
8.099999999999998 196.64605576629424 -2.0055760653423462 6.815429663258996 0 0 0 1
8.199999999999998 193.7958056955967 -3.2698191087638264 0.22439118590851592 0 0 0 1
8.3 201.454067778641 0.6105699709825387 -2.5201307335439367 0 0 0 1
8.4 209.9957307963664 3.7125404503979524 2.8953644867063133 0 0 0 1
8.5 209.34957554871602 -4.490392841464356 -2.3049339159226747 0 0 0 1
8.599999999999998 207.55032516978537 -5.717948218970221 -8.71233160630976 0 0 0 1
8.699999999999998 204.94863301518836 -4.581296301269646 7.249774246898028 0 0 0 1
8.8 211.4460896472741 -2.908552909840637 -5.6176859735509765 0 0 0 1
8.9 204.85137955843925 3.3625073726024652 1.8671822828176943 0 0 0 1
9.0 212.00072889123896 -0.17239834772545493 8.271340569943234 0 0 0 1
9.1 218.20987406528124 -3.057678262178655 1.0361555587617062 0 0 0 1
9.2 220.0957674545704 1.5085550184165015 8.312340534249785 0 0 0 1
9.3 226.5669907933848 -1.7020259824373056 6.413327842242126 0 0 0 1
9.4 223.99077043732925 -5.515509128790264 -0.771703074206215 0 0 0 1
9.5 246.49880079874777 -2.8591661425625645 4.390683415034303 0 0 0 1
9.6 239.78341475378926 -2.7755175854528105 10.117558863834759 0 0 0 1
9.7 241.72499500944463 -0.956064087848219 -0.6253044218906183 0 0 0 1
9.8 232.08434779715913 -1.892639066393734 -0.708802921478707 0 0 0 1
9.9 247.9003383140186 7.821471873945853 -0.33569784382865464 0 0 0 1
10.0 237.73411701355923 0.3811658436932177 -3.9313719179521485 0 0 0 1
10.1 257.2814754253974 -5.776368369616549 4.020302277484149 0 0 0 1
10.2 258.4544749220009 2.542823123176099 -1.4708146712433603 0 0 0 1
10.3 260.9537415944077 -0.6487253368538859 -7.3359535921390915 0 0 0 1
10.4 255.38547801491785 1.6966911309613906 -10.409807779209487 0 0 0 1
10.5 263.16260844315445 -1.508366945237114 3.98773465927448 0 0 0 1
10.6 267.8835602541595 0.45456525518761737 -3.3799239129335064 0 0 0 1
10.7 268.66510703460426 -0.8943450187736985 4.609808990889491 0 0 0 1
10.8 277.3905993473483 -4.314532184093785 -6.5797995467088555 0 0 0 1
10.9 276.92810752297817 3.120987917943083 -9.743179313425046 0 0 0 1
11.0 288.83646911198593 7.967343679291673 7.038641984752175 0 0 0 1
11.1 286.38896580932817 -7.6456162446785925 5.730137985400802 0 0 0 1
11.2 294.70875597475015 0.05039436813677867 -2.4315613444066457 0 0 0 1
11.3 293.23167993855384 -0.9482778980655269 3.9614291341771377 0 0 0 1
11.4 296.1925925302877 -2.6697878133339614 4.8342356505686155 0 0 0 1
11.5 295.18123756443856 3.9056060154355166 8.585840498025021 0 0 0 1
11.6 299.31360218283766 1.9170122582815168 0.4591261255974075 0 0 0 1
11.7 301.993025829887 4.358424129288068 4.97860370297542 0 0 0 1
11.8 299.05524544248533 1.4880959985457736 8.802947818555282 0 0 0 1
11.9 311.0521529434085 8.007855551084354 -2.1077676260785267 0 0 0 1
12.0 307.4964483902135 0.6707410851375073 -5.246858656402566 0 0 0 1
12.1 310.68443277251475 -6.016529966353474 8.637086065935364 0 0 0 1
12.2 319.52785237731075 0.7779266986601598 5.942054857560521 0 0 0 1
12.3 316.3560861643712 -8.478362802814829 20.543985745413238 0 0 0 1
12.4 325.22144656437155 1.6629600340091173 -5.55758680925274 0 0 0 1
12.5 323.164060463316 -1.9946233169646703 -1.3483528631564639 0 0 0 1
12.6 339.5826069537684 4.495120866425125 9.399187821964745 0 0 0 1
12.7 334.0891186458306 -0.15005256292154456 -0.42269015364325924 0 0 0 1
12.8 347.6494238454695 -2.8360972291653894 2.441834654434473 0 0 0 1
12.9 328.8283518072722 -10.576166678726885 5.84416596426658 0 0 0 1
13.0 340.0601573777658 -1.1442248623756655 7.983156604705243 0 0 0 1
13.1 346.84543329325015 0.8746462531953654 9.82464134823772 0 0 0 1
13.2 348.6723815534967 1.8596608612072458 -2.263084288824132 0 0 0 1
13.3 358.23336346046926 0.48380814476064415 -0.7783159373865658 0 0 0 1
13.4 355.6989605870094 2.623548968700163 -5.473508661875059 0 0 0 1
13.5 362.8133501420956 4.768355876389776 -7.223175061898758 0 0 0 1
13.6 366.2284471948865 -4.6857919281823825 10.528732150581675 0 0 0 1
13.7 370.46818569447186 2.258850412272949 3.269115904278891 0 0 0 1
13.8 372.77813884970686 -10.582888348946597 -5.1781849970278415 0 0 0 1
13.9 365.1160695037569 -6.8150010615756 0.4598249354715165 0 0 0 1
14.0 378.03352879518695 9.33674747041929 -9.084517359251208 0 0 0 1
14.1 381.4460095692598 -0.7947772508793065 -1.8453495766357264 0 0 0 1
14.2 388.66882276473297 -4.296462858830267 2.708186782090621 0 0 0 1
14.3 387.49423035517924 -15.446881364056097 1.331367924682155 0 0 0 1
14.4 393.5059449810567 -3.295820473055329 0.5555144623182571 0 0 0 1
14.5 384.9408100811657 5.788478197218566 -4.921757785192682 0 0 0 1
14.6 393.2379851680177 -0.04572500384544753 9.487927844069702 0 0 0 1
14.7 403.18328590663674 1.3714664773550709 -1.57860725463496 0 0 0 1
14.8 404.9801587667929 3.063587116605433 -2.5728614055587684 0 0 0 1
14.9 408.1480364218151 4.502098814199329 -0.5029162544631731 0 0 0 1
15.0 409.0972414002329 2.5259280362947294 0.33694539545598445 0 0 0 1
15.1 422.12308986423244 1.1288187144077 3.2382750183050177 0 0 0 1
15.2 417.8874307139211 7.918611900413637 10.75304435563234 0 0 0 1
15.3 435.07652284714726 -6.749046214416666 19.196305312677964 0 0 0 1
15.4 421.6019185062779 -1.4780194803071964 9.34129029562962 0 0 0 1
15.5 429.15327850188 1.8606837114931807 -7.875515322527207 0 0 0 1
15.6 437.4782528647528 -7.28513637179654 4.237382430728815 0 0 0 1
15.7 440.9710154916629 -2.3094897121359708 2.027818611643852 0 0 0 1
15.8 438.6691727491765 2.053706541895508 8.16161499850756 0 0 0 1
15.9 447.9655861108056 0.31831866997221425 1.0549685828619033 0 0 0 1
16.0 444.3845177601657 -0.7612897166269903 -0.7673877676286338 0 0 0 1
16.1 453.7625521853979 0.647477743232443 -2.64163929323027 0 0 0 1
16.2 441.19410101701686 11.212290996760785 -0.7059153944205718 0 0 0 1
16.3 457.00103796862675 -0.8150859337742702 10.795928006545466 0 0 0 1
16.4 472.9445259046822 0.5381172488060315 -6.025421018839097 0 0 0 1
16.5 466.72818264585703 -6.813783612268637 10.513106739150345 0 0 0 1
16.6 465.6070864363875 -2.3128579086512815 3.653438105464261 0 0 0 1
16.7 480.78695653663885 0.7618471096565855 -8.333594030972165 0 0 0 1
16.8 473.2311140362158 8.664983876586078 11.227773244319025 0 0 0 1
16.9 479.62310650651546 0.22617907085523825 -0.4991042152673515 0 0 0 1
17.0 486.7597782856064 -1.6791138379569759 5.2498078128818975 0 0 0 1
17.1 491.2599218103645 4.746015569272728 -6.663623642036384 0 0 0 1
17.2 496.26748720804574 5.329841834938222 -7.801652598105591 0 0 0 1
17.3 490.93859372340785 6.688735117199599 1.7667308086026594 0 0 0 1
17.4 498.9941899363963 2.246782993342478 -6.767669682741513 0 0 0 1
17.5 501.13059329022485 2.760417294407688 5.573310140079883 0 0 0 1
17.6 509.33430883548317 3.7600120863839948 -5.061088890742042 0 0 0 1
17.7 517.3214634615101 1.4912167017326965 -2.558324513036041 0 0 0 1
17.8 517.0761261974757 3.2600759664602776 9.680387821141295 0 0 0 1
17.9 517.9961093112275 -4.996922827411083 -16.516346210008038 0 0 0 1
18.0 514.8639016678112 -4.541632799525985 11.347053030950292 0 0 0 1
18.1 531.3829490989813 -3.897234646029659 -1.441810897207148 0 0 0 1
18.2 525.819697216745 3.599398372272603 -3.778151095105983 0 0 0 1
18.3 540.8833448541864 5.420883436759539 4.08758191894367 0 0 0 1
18.4 545.8394487623532 -9.492617698792841 -7.231294341727448 0 0 0 1
18.5 539.4615664010413 6.7883097467767755 -2.4440643960216732 0 0 0 1
18.6 543.9443737215987 8.189796494004469 4.116237852529395 0 0 0 1
18.7 541.534155872975 -0.9014610931297398 7.81924713746082 0 0 0 1
18.8 547.917198819402 -2.492016423838365 -4.4113288532211925 0 0 0 1
18.9 547.0101781778071 -2.047705694546835 -9.256439892888295 0 0 0 1
19.0 557.0914611932742 3.456281614610333 -9.013814833657932 0 0 0 1
19.1 573.8398911771711 -0.9676026597850722 1.6066771974257392 0 0 0 1
19.2 562.3041798299508 -12.160831396736171 -15.806249249696123 0 0 0 1
19.3 569.9530590284155 -2.6284380463239643 -4.71462000708533 0 0 0 1
19.4 576.1226756817773 1.4207926332451137 -2.618066626587961 0 0 0 1
19.5 581.2035724458337 4.833515875939554 11.64345175311837 0 0 0 1
19.6 584.1884915111777 1.128043589992572 -8.58240560070135 0 0 0 1
19.7 582.3130016650939 0.24316210409260464 -2.054855564920672 0 0 0 1
19.8 591.7984957731935 -2.9318232793130363 5.74389334511136 0 0 0 1
19.9 590.3437120735543 7.7103632972647205 11.232275236629192 0 0 0 1
20.0 603.9296971193633 -6.621969721444373 -2.3720182535417393 0 0 0 1
20.1 609.9649798435917 3.125873608821479 11.20790085002858 0 0 0 1
20.2 601.6341140793611 15.443350445579341 11.632001609835754 0 0 0 1
20.3 607.721677800701 -1.8152090692165501 -9.61450297843112 0 0 0 1
20.4 617.843512970034 -4.517782470612829 -9.663688587014349 0 0 0 1
20.5 619.9305486435953 2.0503638607125367 0.8419107655119547 0 0 0 1
20.6 621.0823576999237 1.2114653452589152 -0.015174921382538287 0 0 0 1
20.7 624.855008528747 9.050752761718016 -2.6642524259710285 0 0 0 1
20.8 632.4812049453022 2.9252292236499358 11.841004978344074 0 0 0 1
20.9 634.4295566098367 -9.646049793780037 -2.9931684012346977 0 0 0 1
21.0 632.7894384174185 -0.028881536462051827 5.145402638366761 0 0 0 1
21.1 644.6517357927225 7.988808904105738 5.585957031762405 0 0 0 1
21.2 651.1811288174351 5.580868695500243 6.563135726687108 0 0 0 1
21.3 648.9487110226861 18.726957936721476 6.77786208202258 0 0 0 1
21.4 651.6626864243672 1.7244377030698956 3.1037280990582303 0 0 0 1
21.5 659.252391476756 16.231733985675547 1.4000652722689324 0 0 0 1
21.6 663.3238854334422 10.084508073793018 -4.184001174647051 0 0 0 1
21.7 664.133950948159 22.961734735785654 -4.943863970268296 0 0 0 1
21.8 671.2237483889928 18.768531756140575 1.8175741102175493 0 0 0 1
21.9 670.2902936808225 15.756226515332926 10.417308754739622 0 0 0 1
22.0 669.982786822636 21.890722964663183 -3.6738101535609076 0 0 0 1
22.1 670.5762476283932 27.644393725902418 4.551674156603838 0 0 0 1
22.2 677.8256553729113 31.513505045667785 -1.8765448853434918 0 0 0 1
22.3 681.7818978282733 28.015168436142602 10.452802503690293 0 0 0 1
22.4 683.5775841372449 31.944525035976838 3.0821697517272924 0 0 0 1
22.5 674.7662456671349 37.240780571438634 -10.100136088149611 0 0 0 1
22.6 693.7671216075508 38.35980974694293 -4.456253040154763 0 0 0 1
22.7 687.0389237893957 41.23434418248219 0.3833860885377476 0 0 0 1
22.8 695.3991008809272 50.136591480748734 -9.162147760148343 0 0 0 1
22.9 697.6030608377692 59.6849158504246 0.3209688790269638 0 0 0 1
23.0 692.7931752732973 56.4402756155892 -16.23036608653956 0 0 0 1
23.1 697.4432048305438 55.19195561862061 3.0984439940320954 0 0 0 1
23.2 700.2617997585509 62.71702101299681 2.140329326841254 0 0 0 1
23.3 691.0560964989713 69.66494851171694 4.727354768413193 0 0 0 1
23.4 703.308519283595 70.32339728892839 -9.515589295246059 0 0 0 1
23.5 710.9216154778543 69.05133742360658 -0.7815991010909897 0 0 0 1
23.6 695.4642201526525 70.20389109530714 -6.263803100133487 0 0 0 1
23.7 698.9160562937333 82.33900403495635 -0.9977558552975552 0 0 0 1
23.8 703.2480429642408 90.36756843245695 -10.55516133128657 0 0 0 1
23.9 714.6643963179683 80.48692924852828 12.766725451011439 0 0 0 1
24.0 703.5292160028602 90.91670228837035 -6.913528696842775 0 0 0 1
24.1 714.3952846952483 91.67383694452116 -1.3864338355418226 0 0 0 1
24.2 711.338252405427 100.55952564418007 4.469376472430952 0 0 0 1
24.3 713.9701095721415 97.3272643333986 -5.740859507969446 0 0 0 1
24.4 718.1376241898914 108.67802703163952 2.9043235471130515 0 0 0 1
24.5 718.9630153625242 113.91924902814037 5.5746555130778574 0 0 0 1
24.6 715.8119765912528 115.3070198879856 -5.983272013088708 0 0 0 1
24.7 711.8656192514632 121.4621093289341 9.089539218256562 0 0 0 1
24.8 715.0096936639934 125.27257406634462 -6.600474057075132 0 0 0 1
24.9 721.6232521014609 129.08337715767505 -4.404031978599107 0 0 0 1
25.0 731.2787899002313 132.65594977501402 -7.635361906204707 0 0 0 1
25.1 716.4772865381224 133.20076761517768 0.740224043579019 0 0 0 1
25.2 730.130376412918 135.00664715436173 -3.337830242158418 0 0 0 1
25.3 716.4752271634768 141.99202105570035 -3.2960220961607547 0 0 0 1
25.4 724.5522849285751 154.1407436967169 5.511131796896734 0 0 0 1
25.5 730.875858185667 153.45929140202657 0.4498523591213939 0 0 0 1
25.6 717.221207688367 157.12310150969418 -5.011141950249225 0 0 0 1
25.7 710.3596952833602 158.70122280543592 -8.213618507420222 0 0 0 1
25.8 721.4103489774087 165.05263038419494 -12.19371820060394 0 0 0 1
25.9 719.9901205769287 165.14657374260455 2.2777597112693115 0 0 0 1
26.0 724.0545929699157 173.71317345879785 0.56667127656209 0 0 0 1
26.1 723.4512298236402 168.80607898748409 -7.457571451165677 0 0 0 1
26.2 727.3931115745742 178.03584523400824 9.972983959571707 0 0 0 1
26.3 716.3800767490179 184.03236743035313 9.886288930389298 0 0 0 1
26.4 728.5621060412675 186.07620582776227 9.508069564024424 0 0 0 1
26.5 723.0451999898004 192.7633418911624 0.9032473859346624 0 0 0 1
26.6 726.8708001647676 189.99846887072007 -1.3484999782523346 0 0 0 1
26.7 722.5880653010695 195.33862307706067 -6.8367486252191725 0 0 0 1
26.8 726.9441510991082 197.97474451408647 3.8779220594196318 0 0 0 1
26.9 731.0185294639292 203.9975768181449 5.168589928514109 0 0 0 1
27.0 718.603768633641 207.8395380459896 -6.949251437063481 0 0 0 1
27.1 722.1214789407658 207.55971687820178 7.843193367238541 0 0 0 1
27.2 725.2646397666285 222.831445847426 15.717189571818778 0 0 0 1
27.3 729.740728411146 228.06169187470243 -4.639133271248625 0 0 0 1
27.4 728.8999758622655 233.04299884758524 -11.900220846522188 0 0 0 1
27.5 731.8889975762391 236.28923583321057 -3.483356969765566 0 0 0 1
27.6 719.9832936281009 232.4014183297397 -7.287506682513026 0 0 0 1
27.7 720.9080370091857 238.07210219195244 -6.827454704412901 0 0 0 1
27.8 722.9999562873281 246.18108906804628 0.5197423114161097 0 0 0 1
27.9 730.7473684108367 245.5485211828853 -0.6997680040173577 0 0 0 1
28.0 722.1360879494194 256.2504963900586 5.717936469060874 0 0 0 1
28.1 726.157621914741 257.51151114311733 -6.366939551612404 0 0 0 1
28.2 721.254238183512 258.14217678181444 -5.4142637264930045 0 0 0 1
28.3 725.4569803136922 265.37263153830867 -0.426979793573139 0 0 0 1
28.4 725.6109023557736 265.90551682949774 -6.656090594941247 0 0 0 1
28.5 724.9591333664956 271.93904703948215 6.531487850915255 0 0 0 1
28.6 726.4938081535269 266.7528577267647 10.391927890629518 0 0 0 1
28.7 729.213273889834 279.04646569410215 -3.8294033489238473 0 0 0 1
28.8 728.963653532707 274.8551344564332 -2.9452141689755535 0 0 0 1
28.9 730.3570543562554 282.39172224351177 -3.6351687314335663 0 0 0 1
29.0 737.8026165147858 288.94306611957137 -3.332770396843898 0 0 0 1
29.1 725.6909164818887 292.638681228228 -11.722724621035923 0 0 0 1
29.2 729.1621023299153 302.0114906790463 5.299889124705828 0 0 0 1
29.3 736.6316355061269 303.5608314265226 8.151491483665325 0 0 0 1
29.4 720.2975418772502 306.79421680688455 -1.9575330563549755 0 0 0 1
29.5 733.9329233653749 313.41412383789594 2.061739403768456 0 0 0 1
29.6 733.021450734277 317.1559839368689 12.199624560789857 0 0 0 1
29.7 729.6667067116578 330.37489746353816 4.863366029253768 0 0 0 1
29.8 723.7069746549212 320.77720638600397 0.7853465094541434 0 0 0 1
29.9 734.054207123402 325.51144510558385 15.212489568026115 0 0 0 1
30.0 728.6380296102142 330.77010126955474 -10.974395988775143 0 0 0 1
30.1 726.7160595841669 339.3957273799789 -6.21190668504039 0 0 0 1
30.2 726.7003270015359 334.7901367416679 0.49833714107785454 0 0 0 1
30.3 739.2488925475187 346.038505163214 7.75420754355298 0 0 0 1
30.4 729.6647961791757 347.2659366459035 4.417783949202601 0 0 0 1
30.5 722.1490395947362 350.7873588324531 -5.645268561339492 0 0 0 1
30.6 730.6828744892028 354.13202065568555 -1.6338910328263978 0 0 0 1
30.7 728.3973822517169 355.5807659716377 12.357389811594146 0 0 0 1
30.8 723.2649235088959 360.85555594087873 6.368171274618987 0 0 0 1
30.9 731.5762595179865 358.28835342306166 -5.071399811650906 0 0 0 1
31.0 722.9524899901994 364.9736301648304 -8.197130919084259 0 0 0 1
31.1 734.9735120066555 366.5209584651612 -3.537376477312648 0 0 0 1
31.2 734.8899971088775 376.01400112438546 9.294661246778276 0 0 0 1
31.3 725.4150744429768 388.02793119059936 2.6274801741976717 0 0 0 1
31.4 725.7708151719453 398.062865445801 0.1593498242796727 0 0 0 1
31.5 717.476143019258 400.0058102669494 -2.7564005744688416 0 0 0 1
31.6 719.2819941322441 391.9409036615517 -9.06849153992664 0 0 0 1
31.7 726.7340755967169 399.1104558228982 1.2004966678895244 0 0 0 1
31.8 728.4010747613582 413.4935390026817 -1.4009677696385552 0 0 0 1
31.9 729.1661828096063 400.4999481186636 -8.40254202713902 0 0 0 1
32.0 730.990914072408 406.7312621888465 5.557919258034872 0 0 0 1
32.1 726.0133882252892 414.68385562973424 -0.23210914298471153 0 0 0 1
32.2 729.3775497007255 415.1388406112087 -3.1257913790707903 0 0 0 1
32.3 737.7732843250287 421.0460893209637 3.3822296136154932 0 0 0 1
32.4 739.0987974731058 425.72354337633317 -3.806192749886293 0 0 0 1
32.5 730.9730651910888 436.5242757497763 -1.3031591513965282 0 0 0 1
32.6 724.6518123662189 431.96893982814277 -5.34546544670809 0 0 0 1
32.7 723.3574648994733 436.2237346988792 -10.802730899180801 0 0 0 1
32.8 727.5918238670306 443.1414970272174 10.928254795420685 0 0 0 1
32.9 734.775855312635 453.13666033476557 -1.8413211766995232 0 0 0 1
33.0 726.9616197523486 449.72486718342174 -0.1270119709366213 0 0 0 1
33.1 729.4858040045414 452.6545024117536 3.2030054683947924 0 0 0 1
33.2 727.6257195782039 457.8315041665171 2.7051753259395355 0 0 0 1
33.3 724.9453215877575 469.68619727858766 0.9499004912827331 0 0 0 1
33.4 726.3682486145374 466.41082867352833 -7.95225629054903 0 0 0 1
33.5 731.2937691904513 472.7901315657356 3.31200877468126 0 0 0 1
33.6 729.1241134869597 476.29654825232046 -3.6870854135959803 0 0 0 1
33.7 732.516486778337 477.60924998009307 4.092143970721281 0 0 0 1
33.8 731.7648063745912 474.9832297237589 -2.7873073578970207 0 0 0 1
33.9 734.9011574246272 486.09043365293655 -13.905475821939888 0 0 0 1
34.0 734.0625290371578 487.0809328171978 -2.9007606679974742 0 0 0 1
34.1 734.7211680397666 493.6568266124501 -2.948240862865248 0 0 0 1
34.2 733.6265834751636 503.28810055240353 7.097008068241962 0 0 0 1
34.3 731.8306471374565 501.3574819933673 5.348817385983864 0 0 0 1
34.4 729.5294057034239 509.43970645745424 1.1391232976644687 0 0 0 1
34.5 738.4269990894553 504.2751897342416 9.72242306325677 0 0 0 1
34.6 719.1960291593197 511.59451028870103 -9.520811387124525 0 0 0 1
34.7 728.8309135956616 522.9354076976429 0.005573925034184413 0 0 0 1
34.8 731.432074050907 521.7356096959638 0.9302706403805132 0 0 0 1
34.9 727.3178930976258 529.8329897025806 -2.2583714396411096 0 0 0 1
35.0 730.9819153386094 525.669178441857 -3.112213568636548 0 0 0 1
35.1 727.3980377901255 535.1127452705144 5.403476061250217 0 0 0 1
35.2 736.7899840788641 533.7701387439505 -0.608671252045724 0 0 0 1
35.3 730.1026210689838 541.8164821351108 -11.718828487360895 0 0 0 1
35.4 720.5941958667865 546.4185792158657 1.631109148221583 0 0 0 1
35.5 735.2720349650087 548.6172969613884 6.564524919201006 0 0 0 1
35.6 732.919173823289 555.0358456409997 -5.5079339157878735 0 0 0 1
35.7 730.6377433718949 567.0160337603003 -8.974511395739853 0 0 0 1
35.8 727.4934375395312 578.3882511451231 1.5630118318662198 0 0 0 1
35.9 731.7595211675658 565.8405585142295 -0.014546487016332321 0 0 0 1
36.0 730.119547036006 576.7663687289223 -2.683443499238649 0 0 0 1
36.1 731.1903835121917 576.252872048666 -0.8076087368884259 0 0 0 1
36.2 735.3789884755084 583.4476650752736 -8.258049059207337 0 0 0 1
36.3 729.0227299052583 584.2208110156829 -1.5216280624255205 0 0 0 1
36.4 735.2726433814142 582.1202350145992 -6.586991436055712 0 0 0 1
36.5 730.0875343432803 584.8528882458088 -2.805068155478807 0 0 0 1
36.6 737.6613884500388 586.856204363555 1.251140986782616 0 0 0 1
36.7 732.0070562372757 602.1023403815008 3.5440428485637767 0 0 0 1
36.8 724.2278736477004 597.9850727039149 0.052243801038628135 0 0 0 1
36.9 734.1139927010269 599.759921716143 -5.532525697484175 0 0 0 1
37.0 732.7752201697492 614.3065992921224 2.5450955838826417 0 0 0 1
37.1 742.5227118891145 604.8291026246915 1.616183271911325 0 0 0 1
37.2 738.6994819739175 611.1633163382523 -17.392497746549793 0 0 0 1
37.3 732.6117860280158 622.2291386344248 -4.924743396362146 0 0 0 1
37.4 735.9637464300915 630.5965159286968 2.4896740253630583 0 0 0 1
37.5 739.395084551561 629.8114205225603 -6.000509250104699 0 0 0 1
37.6 725.9213491021716 639.89383825556 -8.581824345635766 0 0 0 1
37.7 733.2152046353746 635.3192645098054 -0.11791732173941227 0 0 0 1
37.8 731.2421487502176 630.6389809007892 12.950224294855275 0 0 0 1
37.9 719.8106373210172 650.5215536620734 -6.502435671553599 0 0 0 1
38.0 731.8818375042741 647.3218663928992 -3.0973775321867834 0 0 0 1
38.1 722.7558553906903 663.2873273774164 4.871030940228309 0 0 0 1
38.2 740.3873286050826 654.7492402834994 -8.115256003478294 0 0 0 1
38.3 729.1719458627972 664.3514031651854 -0.9428594479952039 0 0 0 1
38.4 741.601117346884 667.4146427225533 2.2226376995243413 0 0 0 1
38.5 729.9413648411982 670.1332854248751 -4.906152721656042 0 0 0 1
38.6 739.0665982125164 683.7307337362993 -8.914207457304997 0 0 0 1
38.7 728.0652502833614 678.689392275991 4.802327824014924 0 0 0 1
38.8 734.7254026548828 683.4994876066405 3.172636836105596 0 0 0 1
38.9 734.8689790194396 684.6455343869305 -1.78742992536678 0 0 0 1
39.0 734.764064750201 687.8770190002979 -8.696013467740954 0 0 0 1
39.1 731.0035807732013 681.2888838725294 -5.062887804100967 0 0 0 1
39.2 737.295285112408 691.9748413860357 -0.32307775405706707 0 0 0 1
39.3 738.4954978802646 704.0322216609708 -3.1096047989522617 0 0 0 1
39.4 735.9213913753945 703.28821739604 21.143244433555253 0 0 0 1
39.5 733.387222371581 716.0115844208769 12.314411773472273 0 0 0 1
39.6 735.9473610811353 718.2778806665377 -3.0016828070911856 0 0 0 1
39.7 731.9191061477605 717.0145804456306 2.184832917941719 0 0 0 1
39.8 740.5274683843932 724.5593311124085 14.32852005360894 0 0 0 1
39.9 734.0613458631741 727.7758636797844 -12.61464918303011 0 0 0 1
40.0 734.7383003774388 732.9434439728457 -12.819253852221038 0 0 0 1
40.1 738.6256575323594 732.9573100006919 7.170730181456122 0 0 0 1
40.2 730.9649079861938 739.0173113275883 8.307746045786644 0 0 0 1
40.3 735.0089257241387 740.9383961094641 -2.1135634288954748 0 0 0 1
40.4 739.0270960918256 745.2964385094244 3.939960450033368 0 0 0 1
40.5 734.220404247309 757.8356622906272 1.2907775973976072 0 0 0 1
40.6 733.882976484316 752.1787519632471 13.299155676378689 0 0 0 1
40.7 728.9694956103148 758.3611047926923 3.4314723365226882 0 0 0 1
40.8 735.6445211919965 747.2823199621578 -1.0871796865368424 0 0 0 1
40.9 727.3302103841619 765.8321567240313 -4.051099779314484 0 0 0 1
41.0 729.9007789505349 763.937260605236 -7.8817676204964755 0 0 0 1
41.1 728.0918187579382 771.7645460316762 -0.05350920894693445 0 0 0 1
41.2 743.3569911512783 781.0175815677821 1.0545627805203708 0 0 0 1
41.3 735.990645985128 783.1693322711566 9.16378586576019 0 0 0 1
41.4 739.1706869131971 780.2926945444159 3.537889848820157 0 0 0 1
41.5 728.2797425331435 792.5276702432898 -0.424991345333126 0 0 0 1
41.6 737.2365772278549 791.8036789990174 -3.5222112982255 0 0 0 1
41.7 738.3966978800592 802.9303278882179 -3.7031857406135487 0 0 0 1
41.8 748.0510209867542 806.1029462991269 11.049507205679618 0 0 0 1
41.9 730.2945888839017 805.203792259452 -4.002560721019506 0 0 0 1
42.0 731.676918117096 809.347512239557 8.339605786461675 0 0 0 1
42.1 736.5381189699858 806.4082341887442 3.864658377111141 0 0 0 1
42.2 737.6188534011065 821.6398963591937 11.02011524442861 0 0 0 1
42.3 730.7052911915124 814.8686715546598 8.083501337421069 0 0 0 1
42.4 727.9455482014585 820.6178133545786 4.116735347620363 0 0 0 1
42.5 738.2291398483595 826.1361189311172 5.154326842948478 0 0 0 1
42.6 733.4850947576149 835.3819352295142 10.20795701299761 0 0 0 1
42.7 734.1220634820712 829.9622165231955 -1.8592448880814345 0 0 0 1
42.8 734.8743436463274 841.4986268344054 4.738538969850254 0 0 0 1
42.9 733.0805351806819 843.4303902325933 4.522846929780485 0 0 0 1
43.0 735.6349022776499 844.7764698510722 4.298232032801536 0 0 0 1
43.1 734.8953400909584 850.9169842731408 -8.42306188551811 0 0 0 1
43.2 725.7947278078403 854.2660427067112 11.692083930435729 0 0 0 1
43.3 729.4788465914477 857.8428194419233 -2.179284872938638 0 0 0 1
43.4 735.2105930776514 867.4813102963577 7.905897380778811 0 0 0 1
43.5 741.5322458011392 870.8344968766775 9.585536747129595 0 0 0 1
43.6 726.7229281883859 869.5991088606721 6.916056387021342 0 0 0 1
43.7 732.7003045540188 875.4136614529523 7.308492840258282 0 0 0 1
43.8 729.100021179284 875.2718388647527 -7.608484499534256 0 0 0 1
43.9 731.4546362175904 885.6217689454697 1.3018337532749342 0 0 0 1
44.0 741.4058976520307 894.297980528497 7.032611982796311 0 0 0 1
44.1 730.090466252409 898.0472356037419 -8.523738171343837 0 0 0 1
44.2 728.1410728795584 890.9466892117528 -4.0153166212270435 0 0 0 1
44.3 742.3267273522091 906.4848868001516 3.7954644678114846 0 0 0 1
44.4 736.8661053431845 906.9884633073934 1.6933547935517481 0 0 0 1
44.5 727.6572819165465 900.2592211437138 3.112421585200593 0 0 0 1
44.6 731.7538868814695 913.1153024992409 -6.774205936495775 0 0 0 1
44.7 735.9726714774254 922.9627065344838 8.441851758080873 0 0 0 1
44.8 740.1797198870071 916.7509631926334 -8.412956430790302 0 0 0 1
44.9 745.6104352398577 926.468380951558 7.8809400857848 0 0 0 1
45.0 735.2447231847142 927.321169742507 -7.282506609720542 0 0 0 1
45.1 743.267958445234 943.692401508067 -13.105618084757054 0 0 0 1
45.2 743.8215301034122 931.4783896093811 -0.3537644189247544 0 0 0 1
45.3 740.3751016876525 944.3090813577969 6.291669682693168 0 0 0 1
45.4 739.0558973620978 945.7270102069842 -5.139852060419116 0 0 0 1
45.5 733.322526854171 944.0539299925667 12.549236981414197 0 0 0 1
45.6 738.4056424613448 949.1797925191308 6.3303716176480975 0 0 0 1
45.7 729.2629199075485 953.9776367904644 7.0058629549420175 0 0 0 1
45.8 738.5434258381116 955.5751646816458 4.5906606440428845 0 0 0 1
45.9 745.633272100641 965.8979906589558 0.18318793237307318 0 0 0 1
46.0 743.8641516891247 961.1319446570958 -5.8759811646268645 0 0 0 1
46.1 732.6874080897028 963.4272199310059 -5.809463648047199 0 0 0 1
46.2 736.1340242413908 967.5586020126609 9.008346495722208 0 0 0 1
46.3 728.2738192687193 975.6278908466608 9.5951954909155 0 0 0 1
46.4 739.3418295237498 985.4347486021204 7.007014971564047 0 0 0 1
46.5 733.5988562760992 989.0646960984359 5.090520354788282 0 0 0 1
46.6 735.85280503102 995.1912755145906 -2.7956989729306656 0 0 0 1
46.7 738.5027799358622 988.4041813162142 1.5006042877321875 0 0 0 1
46.8 741.2816130265469 1003.9178213046628 -3.9946755977020416 0 0 0 1
46.9 737.8740386780887 1001.2658537838445 2.999396202140076 0 0 0 1
47.0 737.941832822638 1003.3342817263749 -3.3101289657933535 0 0 0 1
47.1 741.8339465232714 1017.2965370111036 -5.052254729506046 0 0 0 1
47.2 734.8682918478842 1016.8241556968308 -3.9236227633870726 0 0 0 1
47.3 727.1896644001419 1026.4230920607142 -4.711863263807061 0 0 0 1
47.4 741.4404189664965 1022.7240311038095 3.7996958809888497 0 0 0 1
47.5 732.6786309728983 1031.0107314924144 5.3943264157346675 0 0 0 1
47.6 745.4133581532033 1033.8440052523608 1.4119841059597888 0 0 0 1
47.7 732.5253751102277 1035.7321826162233 7.880618095188709 0 0 0 1
47.8 748.2439995149554 1038.638667278486 -12.070848260820185 0 0 0 1
47.9 742.6613159917932 1043.7652290764793 4.4064301116155775 0 0 0 1
48.0 738.3532131832746 1054.628838897189 -0.6826383755632719 0 0 0 1
48.1 738.5334069910224 1053.447264142205 -12.344164959678267 0 0 0 1
48.2 742.3230536644646 1058.8309967016583 -0.14404768849402672 0 0 0 1
48.3 736.9189963408297 1071.588099492666 -0.48498605599735356 0 0 0 1
48.4 735.8787310919479 1065.5881105865344 -7.665319070531609 0 0 0 1
48.5 737.3793318379682 1062.9106500046396 -10.272679081977572 0 0 0 1
48.6 736.0538678911439 1064.9102266249424 4.223382632389814 0 0 0 1
48.7 742.6856412985117 1072.8770734725467 -4.893550565472992 0 0 0 1
48.8 740.6476350845286 1075.9100020778149 -2.419206158950317 0 0 0 1
48.9 734.4738806818837 1081.8192333243296 -9.242766167968966 0 0 0 1
49.0 737.1144395104093 1086.2190884826362 7.211043398716981 0 0 0 1
49.1 733.6581990763941 1097.8720657325366 0.06285901804699279 0 0 0 1
49.2 738.0207287589724 1086.1436010892744 -0.6126019007847958 0 0 0 1
49.3 745.0995819119735 1097.6856863238245 4.337471773870391 0 0 0 1
49.4 738.361592513965 1106.109798207699 -10.816792406755951 0 0 0 1
49.5 749.1947758736062 1102.2595378377118 2.4390532496186097 0 0 0 1
49.6 742.3827719850714 1114.4839274331223 2.6892627381381544 0 0 0 1
49.7 742.2723544768318 1120.9377574309842 -4.7209080955059335 0 0 0 1
49.8 749.8217234931886 1118.0840981226052 -4.127476867896576 0 0 0 1
49.9 740.819917606155 1121.730719772626 15.652325986571327 0 0 0 1
50.0 734.9410203215358 1127.9281086283713 -12.438607828545116 0 0 0 1
50.1 736.8549719800225 1129.0645106234988 -5.982762183809882 0 0 0 1
50.2 733.2286764779154 1136.109584896658 5.546690013465309 0 0 0 1
50.3 736.6197268223085 1137.1173253927382 1.323134289924667 0 0 0 1
50.4 732.3064273686173 1142.7912940352417 5.201593958981505 0 0 0 1
50.5 739.1955800555766 1146.7442893306138 4.688652040383772 0 0 0 1
50.6 732.800124617845 1149.0725250162784 -15.230665148189416 0 0 0 1
50.7 733.2654479135485 1150.4431323229917 -3.335948962543057 0 0 0 1
50.8 745.7135820465298 1164.6115774208768 4.852569434249062 0 0 0 1
50.9 725.5293547339252 1163.782144710723 -2.9568733963663476 0 0 0 1
51.0 735.6267062363104 1161.4063543508632 0.1153541084560743 0 0 0 1
51.1 738.9489034246178 1170.8147917228462 -2.4104798008760326 0 0 0 1
51.2 731.8440525785282 1179.409864939179 3.8535833461873494 0 0 0 1
51.3 731.8488863311203 1177.7123687715068 -3.1483499928442598 0 0 0 1
51.4 728.5316555612787 1184.7216780574745 -9.959582010288386 0 0 0 1
51.5 731.4637367706068 1182.718267978078 3.0484468714002446 0 0 0 1
51.6 727.9387082315785 1193.785793685281 2.877223876289804 0 0 0 1
51.7 725.5682946777588 1194.1409100077344 -2.019253081168415 0 0 0 1
51.8 708.7881891173358 1195.3835068129497 0.57528774027287 0 0 0 1
51.9 714.67688174653 1195.0711800696558 2.421272210772031 0 0 0 1
52.0 711.2673221036192 1195.595952728619 2.432214288132627 0 0 0 1
52.1 713.8749387511848 1208.5969527849857 5.40211763303887 0 0 0 1
52.2 705.0546999307846 1216.074553799249 -2.736281019036653 0 0 0 1
52.3 705.3001151156163 1212.4909656090456 -9.335853908252716 0 0 0 1
52.4 703.1191236684155 1212.8246322643445 6.616367815944045 0 0 0 1
52.5 698.719015962391 1211.5634639815246 9.551000855537382 0 0 0 1
52.6 705.5826042484291 1223.6517416735223 2.7819014292701354 0 0 0 1
52.7 692.831676761704 1212.8728967666636 7.8446704870950725 0 0 0 1
52.8 682.1731246956124 1209.6152734244586 -12.306022247898056 0 0 0 1
52.9 689.0576822841817 1230.1071046545815 5.461608564393828 0 0 0 1
53.0 676.04168584235 1223.466032333668 -6.882659003197318 0 0 0 1
53.1 673.402884785584 1223.0815206296604 9.690280457570964 0 0 0 1
53.2 669.7461446304178 1234.6265585312467 -3.478683946463036 0 0 0 1
53.3 665.5098861352488 1238.509747879598 4.681430636974596 0 0 0 1
53.4 670.8065245074646 1226.276241430523 9.08905926304243 0 0 0 1
53.5 662.2140811021551 1232.326910239953 -6.9934832163565375 0 0 0 1
53.6 657.8335858976495 1235.0506724095235 7.119659854841586 0 0 0 1
53.7 658.4887225647108 1231.547407098111 -8.479824828667745 0 0 0 1
53.8 665.7441090459017 1234.0848937651501 -4.2599144590336095 0 0 0 1
53.9 664.2510169181738 1239.9024257520307 18.163843436257025 0 0 0 1
54.0 648.0851102836184 1240.6193599806184 -2.098987447985678 0 0 0 1
54.1 641.8455482237142 1242.3054016374385 -4.928813156926424 0 0 0 1
54.2 648.2232688208146 1244.7189801317095 0.9542433017205667 0 0 0 1
54.3 634.4551145507533 1248.5217199853362 0.9791580840905567 0 0 0 1
54.4 633.2144844205756 1248.7783437818819 0.6094845393322998 0 0 0 1
54.5 631.2936806670119 1241.8926022165024 9.297851636638939 0 0 0 1
54.6 620.3287552377246 1248.233212694249 5.773682178620163 0 0 0 1
54.7 623.056041536238 1249.5067118405393 -0.9338498393136092 0 0 0 1
54.8 614.66951680706 1253.4659750165035 6.782808621390018 0 0 0 1
54.9 610.366539311717 1248.3931975896246 14.615514979058048 0 0 0 1
55.0 614.2863772314527 1248.6608611295696 4.66691692317346 0 0 0 1
55.1 600.6695630387838 1251.8227343456128 -2.1403231533701046 0 0 0 1
55.2 600.7669086708529 1257.715735456684 -9.706430759609873 0 0 0 1
55.3 598.1885970699961 1248.3866047672504 -5.0982381503370675 0 0 0 1
55.4 595.64773352271 1247.1075821921754 1.45446408073974 0 0 0 1
55.5 582.5459013944916 1256.6944126841256 11.247571698548825 0 0 0 1
55.6 590.3124192825633 1263.8822947611957 -10.145832412196 0 0 0 1
55.7 581.2703296713238 1257.1160942054653 -4.457806158746536 0 0 0 1
55.8 574.0063767049509 1254.7735772815483 7.224582328057124 0 0 0 1
55.9 578.5591887591022 1250.0936347434183 5.0734275286513935 0 0 0 1
56.0 577.2980044995209 1262.1301999942402 3.0990869750573324 0 0 0 1
56.1 571.9782137605987 1252.1850010069313 6.263682188073233 0 0 0 1
56.2 556.281067494663 1262.1136375409717 2.873877246587199 0 0 0 1
56.3 555.494082583187 1255.5032576945257 -0.7086433747571448 0 0 0 1
56.4 548.6557116146972 1256.8687519152315 -4.229385647326836 0 0 0 1
56.5 543.4276138784226 1255.375026219007 6.952945361093327 0 0 0 1
56.6 542.6607590035034 1249.1009785477452 3.6267810145136536 0 0 0 1
56.7 535.3409526253885 1250.243050520618 -0.7434186419176001 0 0 0 1
56.8 544.3411816987789 1255.649004578639 7.509466334095691 0 0 0 1
56.9 525.7222587494739 1254.4756907072056 -4.404595245492914 0 0 0 1
57.0 531.2620059352068 1253.4132134300714 -9.972943524047281 0 0 0 1
57.1 528.9250092354698 1258.6824160792862 1.5168911329816126 0 0 0 1
57.2 520.7082918606416 1254.6986053225005 -9.14163275628593 0 0 0 1
57.3 510.9861474203092 1254.9265107297047 -1.512713003275877 0 0 0 1
57.4 509.0070470018766 1255.3552854622867 -0.07290073514863593 0 0 0 1
57.5 508.5015847346614 1258.4284296490569 4.336706078085285 0 0 0 1
57.6 502.59847282120757 1251.48168159624 -0.32617220625036225 0 0 0 1
57.7 507.38570142943604 1262.0170065403627 -8.66950833989958 0 0 0 1
57.8 496.35661457527954 1256.759889495961 -2.57949544608735 0 0 0 1
57.9 492.69585109499485 1251.7348147471407 17.116106582666475 0 0 0 1
58.0 481.9053679681696 1261.3993111427815 3.8705724319201806 0 0 0 1
58.1 490.0126074269559 1260.8834198639047 9.743278835574841 0 0 0 1
58.2 484.0977133591971 1261.4130174062009 -18.705694594400143 0 0 0 1
58.3 474.96255093108 1262.8338637604613 0.1884510337742995 0 0 0 1
58.4 472.29949451021974 1256.135756768715 -5.502790155314045 0 0 0 1
58.5 464.6105003677926 1256.0175255462805 -8.571235559250027 0 0 0 1
58.6 464.9288027709895 1265.2338739425402 0.41228600276650695 0 0 0 1
58.7 465.2059433198128 1258.9848257296212 4.323449360976667 0 0 0 1
58.8 455.0370670203518 1264.0234069119847 6.656162043594321 0 0 0 1
58.9 454.3245654777657 1262.3473364611482 -4.754259542690249 0 0 0 1
59.0 448.5753047383018 1261.483001754661 -8.612881127152491 0 0 0 1
59.1 457.87196673698884 1262.654050755783 7.430831752734207 0 0 0 1
59.2 429.6747600549209 1254.8715558145918 -4.636422387186258 0 0 0 1
59.3 439.8026814410376 1260.6019468811528 6.971583414979335 0 0 0 1
59.4 423.2237362802973 1257.8967370131475 12.629367402767542 0 0 0 1
59.5 433.4749606416907 1258.8696949950386 8.315737397023469 0 0 0 1
59.6 415.07274151948087 1261.1039715577253 4.3297759231924715 0 0 0 1
59.7 422.58606206143065 1266.5936610626097 -1.093754189636627 0 0 0 1
59.8 420.2561652970673 1257.0261033649244 -9.627989336656128 0 0 0 1
59.9 409.12812957068996 1261.2082499255403 -0.7355418310600044 0 0 0 1
60.0 413.0078835100876 1255.3154301692482 -9.041307766780733 0 0 0 1
60.1 413.8240439844442 1268.2431219414657 -6.7371640709087615 0 0 0 1
60.2 403.48766262222694 1261.8459092813687 -2.5942585281205766 0 0 0 1
60.3 383.2985086053304 1272.9403692805595 3.9542052554036218 0 0 0 1
60.4 390.7649075205993 1267.709115595967 6.9350355062123015 0 0 0 1
60.5 382.25982210659754 1258.324278083204 1.6537592440561752 0 0 0 1
60.6 389.4879330788159 1262.0015276916317 -0.9202634641619625 0 0 0 1
60.7 385.96146057250445 1266.8337384005279 4.799182383374216 0 0 0 1
60.8 379.00701061030185 1267.611268011676 -1.6630956279745135 0 0 0 1
60.9 379.4860103759851 1260.6480005160288 -9.547039683086155 0 0 0 1
61.0 369.03691244147836 1262.3171262014857 -3.188808226328746 0 0 0 1
61.1 365.51111997045126 1262.2204283000406 1.1880959757442326 0 0 0 1
61.2 356.64490796010125 1259.1084465365593 -1.1614538090334179 0 0 0 1
61.3 362.60399188850374 1270.4815828508213 -6.320834590649639 0 0 0 1
61.4 355.4663956432414 1266.2157840790787 -0.360956135408685 0 0 0 1
61.5 348.58840325160895 1262.3431334337804 5.184872676263581 0 0 0 1
61.6 347.5954070311249 1256.7016900659455 2.3748260546394135 0 0 0 1
61.7 346.93071616309845 1269.076060619023 5.369049069765708 0 0 0 1
61.8 334.4290761751828 1269.711608566473 4.273579386021652 0 0 0 1
61.9 334.07842622457486 1260.107823724893 7.147923409078487 0 0 0 1
62.0 329.337709254198 1262.971709133042 -1.2424909694804285 0 0 0 1
62.1 325.1148473850254 1259.2906941140457 8.623537175832581 0 0 0 1
62.2 329.29455210889347 1266.8353329084753 -4.880347725103064 0 0 0 1
62.3 313.09992937019626 1262.7037535728869 -5.292239603780843 0 0 0 1
62.4 316.2642326912249 1269.0013143142223 7.749460577836345 0 0 0 1
62.5 312.1370474471677 1271.929479461927 -5.9607502699277575 0 0 0 1
62.6 312.59004207460134 1268.5224922958428 -3.6812400043858133 0 0 0 1
62.7 302.6402993738519 1259.7796201340095 7.486859504497517 0 0 0 1
62.8 302.15522351093637 1263.818670272647 -0.3107089249435546 0 0 0 1
62.9 294.9234182972949 1259.1860466922576 -2.0986649894911977 0 0 0 1
63.0 285.8703531817938 1261.578247959872 -3.2597874199076813 0 0 0 1
63.1 274.25211438409326 1261.791005673368 -3.9285133920258914 0 0 0 1
63.2 283.95346048802367 1259.533597057566 0.8276859382536372 0 0 0 1
63.3 272.16421839955524 1271.0835432566569 -9.39448147612805 0 0 0 1
63.4 272.8947113180983 1273.0860088203708 2.8152104702667344 0 0 0 1
63.5 262.09706589963446 1260.5315628990797 -7.5260591343667045 0 0 0 1
63.6 267.7367190298602 1267.138410143607 1.0669784993261828 0 0 0 1
63.7 272.84831550938037 1268.384390270104 6.31405518773694 0 0 0 1
63.8 262.8770138038655 1258.1459152937318 10.03511510110016 0 0 0 1
63.9 253.9482666680313 1261.1539006471553 -9.893956070088507 0 0 0 1
64.0 244.08287054886495 1267.7800772774483 6.786839485882027 0 0 0 1
64.1 246.8093782493915 1270.0564776647357 3.5965360026214626 0 0 0 1
64.2 241.62050508408407 1268.1658073326275 -6.138578389432368 0 0 0 1
64.3 248.72594271672085 1267.0167565417246 -0.7505022242155803 0 0 0 1
64.4 239.82506335183712 1267.6718439721833 -0.5574194808694273 0 0 0 1
64.5 230.75654823354625 1281.6835508356608 -16.943298259359423 0 0 0 1
64.6 225.39187015668824 1263.5805354045083 -2.8220877982572574 0 0 0 1
64.7 221.83096970809328 1263.5420472176772 -8.708096052674676 0 0 0 1
64.8 208.87387010444445 1265.503940939046 0.3289312510909497 0 0 0 1
64.9 209.59765497502778 1279.900903834836 1.4447568132689383 0 0 0 1
65.0 218.5273126155304 1278.649874168872 -12.733611941322948 0 0 0 1
65.1 203.86756730352394 1276.900047527965 -2.8559031842524405 0 0 0 1
65.2 198.65652725206218 1260.3662821085059 7.777091726440418 0 0 0 1
65.3 205.16330225168167 1273.0504364760538 -1.7095078963299954 0 0 0 1
65.4 189.5785336507554 1263.1931702138343 -1.6915192342982124 0 0 0 1
65.5 191.34729001442167 1266.6261783612056 8.779098456446548 0 0 0 1
65.6 178.8082796623417 1271.011434296714 -17.383712051384535 0 0 0 1
65.7 178.01717589726275 1269.0252054193115 -5.986380536252227 0 0 0 1
65.8 171.60659883433095 1270.1633060905851 10.06046365242041 0 0 0 1
65.9 178.79229797412214 1269.3466027717072 3.6075962140122755 0 0 0 1
66.0 172.7753168807194 1274.5241539779254 -6.647406666021723 0 0 0 1
66.1 158.72146324439657 1273.5883424588715 -6.771486907647002 0 0 0 1
66.2 165.74818552339326 1269.7774367466182 9.86508838564778 0 0 0 1
66.3 154.9373094517523 1262.764551379671 12.487469085652151 0 0 0 1
66.4 158.024346030119 1264.2343989322512 4.191697529096601 0 0 0 1
66.5 141.53541318139406 1269.7015057814895 5.7273860494278 0 0 0 1
66.6 147.5719093631646 1272.9336468639049 -6.9516803849094515 0 0 0 1
66.7 137.50459025118965 1260.1469331247547 9.379589670169572 0 0 0 1
66.8 127.14578186307475 1272.141485313152 -5.765302815085079 0 0 0 1
66.9 132.02641110513895 1276.759086498692 -9.545416172063035 0 0 0 1
67.0 128.78005276499803 1276.6410190978997 -2.3578894240551094 0 0 0 1
67.1 128.80963285229123 1261.0092371611286 6.121138717326986 0 0 0 1
67.2 124.09979506915903 1270.3748491177264 -9.50942528127488 0 0 0 1
67.3 114.38005545808859 1267.7270858023185 -1.7308754124321837 0 0 0 1
67.4 117.09729599260281 1268.5274801364062 -2.809064607313921 0 0 0 1
67.5 110.05250551401338 1269.1902988758338 -0.4856626406108262 0 0 0 1
67.6 106.24797636075523 1275.3637024017519 -10.440161166166341 0 0 0 1
67.7 101.01170136245072 1267.2965656701613 -10.29359887674908 0 0 0 1
67.8 103.77660897847659 1269.654613602455 4.456402960015403 0 0 0 1
67.9 102.75897210692041 1265.6305468201826 6.908557740916038 0 0 0 1
68.0 91.48349348319314 1273.6688521002225 -5.895793742573062 0 0 0 1
68.1 87.01787165253012 1275.1754015625356 1.9347898241000436 0 0 0 1
68.2 75.6684883551739 1278.397541080491 -9.97317692142716 0 0 0 1
68.3 71.38569472643283 1278.5571463487768 7.2600677052663904 0 0 0 1
68.4 68.95722029629894 1269.9762101122317 0.04468480645952866 0 0 0 1
68.5 62.98364753879791 1273.5206253810402 -9.974233001747706 0 0 0 1
68.6 69.12629666055582 1275.158568709979 9.037047695639252 0 0 0 1
68.7 65.55161626773092 1268.940635017924 -12.27403698407657 0 0 0 1
68.8 48.89952292371356 1272.6176874914693 0.09590601799166976 0 0 0 1
68.9 49.556077436822065 1260.0568033833445 2.532618661445543 0 0 0 1
69.0 51.29169443688588 1265.758192625851 2.2520458654990456 0 0 0 1
69.1 41.96363658943558 1269.6661461109138 -8.286142124968112 0 0 0 1
69.2 41.43839981500995 1276.928676294291 -3.697397217201978 0 0 0 1
69.3 39.488241990943166 1274.8597714935772 3.884465439286526 0 0 0 1
69.4 35.15830964861493 1275.2812471696213 -0.39618163007267526 0 0 0 1
69.5 27.083712054710936 1284.3650551464923 -10.883620399155529 0 0 0 1
69.6 27.779561212548018 1273.0970534431908 -8.530403689453298 0 0 0 1
69.7 15.838251427622863 1273.2516999686713 5.888473268486904 0 0 0 1
69.8 28.357962371261166 1274.1554070707077 -14.811481158799506 0 0 0 1
69.9 10.977607975103318 1266.3958205034378 -14.029457357122503 0 0 0 1
70.0 12.802018492234712 1275.7849702406997 -10.646470814008607 0 0 0 1
70.1 -2.165243022095625 1271.3738521170474 -6.694083605780374 0 0 0 1
70.2 1.677407956882576 1272.9020548940875 11.597335113775403 0 0 0 1
70.3 -1.8172372026407446 1267.3748405338172 2.470435986335077 0 0 0 1
70.4 5.282545120013227 1271.2620167543078 -3.9190444041926082 0 0 0 1
70.5 0.9012906940706578 1278.5598749576964 5.285769487468053 0 0 0 1
70.6 -18.25570218397015 1272.8974954674381 -4.593759220126372 0 0 0 1
70.7 -20.10724665241481 1280.014889912664 4.962865736350221 0 0 0 1
70.8 -21.61127069309411 1278.9921924452954 -4.661216778739705 0 0 0 1
70.9 -27.183419796090977 1276.3240881170302 9.969366934542093 0 0 0 1
71.0 -33.14993626335604 1272.9403491434343 2.764484138616494 0 0 0 1
71.1 -33.13569968341354 1269.278691772588 -7.688460837367501 0 0 0 1
71.2 -36.19088961963395 1273.7302156142102 7.06851894102228 0 0 0 1
71.3 -41.689459596642685 1275.343708501768 -3.639539239150686 0 0 0 1
71.4 -40.082083930252395 1265.6646789583099 -9.574202663494313 0 0 0 1
71.5 -50.05639222669125 1271.5562415546433 3.222733881471136 0 0 0 1
71.6 -45.06116862511634 1268.1008686883304 5.6464412039223895 0 0 0 1
71.7 -55.113177536519245 1280.7851635139245 -1.754386438572812 0 0 0 1
71.8 -62.05211161671917 1284.7017559315645 -2.6493554411310285 0 0 0 1
71.9 -64.70832085675455 1280.913810278229 12.364779253514616 0 0 0 1
72.0 -72.11065912798779 1274.9156334635322 2.0256330822784108 0 0 0 1
72.09999999999998 -69.3436881840308 1276.3223756400532 -13.200500975538962 0 0 0 1
72.2 -67.31735660842303 1274.0120341705037 10.940178505336938 0 0 0 1
72.29999999999998 -80.0165726723406 1274.0779010505846 -10.715514755292034 0 0 0 1
72.4 -78.20145796171263 1273.4962148660159 6.3941970971653035 0 0 0 1
72.5 -90.55692186656671 1282.3465031484934 -18.828541182145862 0 0 0 1
72.59999999999998 -102.81203442217353 1272.2337763412847 -1.480042584418797 0 0 0 1
72.7 -99.77151139590099 1275.583058797051 -8.421894465373967 0 0 0 1
72.79999999999998 -98.64445476666833 1269.4450047647513 1.2574391970347776 0 0 0 1
72.9 -107.86926415175984 1270.423384475281 -2.5946779766818295 0 0 0 1
73.0 -109.29486159421704 1276.4705117074884 -6.140593011040842 0 0 0 1
73.09999999999998 -116.58950563515036 1279.4878151108373 0.21614743922048518 0 0 0 1
73.2 -122.63508640711221 1274.9673312682544 -2.554758821368651 0 0 0 1
73.29999999999998 -122.91463843671207 1280.9059084118248 -7.366141303709277 0 0 0 1
73.4 -128.73650098366582 1278.6271840102954 -5.14293592237982 0 0 0 1
73.5 -127.48426680427374 1269.6819984527742 -2.4011301492391226 0 0 0 1
73.59999999999998 -126.75478567722959 1270.9768635183505 12.964295617754956 0 0 0 1
73.7 -147.63420537235098 1280.8568442284036 3.154126571617624 0 0 0 1
73.79999999999998 -142.63597818918007 1266.6853444930784 4.829456112188808 0 0 0 1
73.9 -154.64785544664568 1272.5433709205722 4.077755886910452 0 0 0 1
74.0 -142.41791487422302 1279.8826224982631 -12.416495758486832 0 0 0 1
74.09999999999998 -150.08521056387644 1280.5218375631646 -5.7107281537320205 0 0 0 1
74.2 -157.04844939457035 1268.9399279847014 8.70804551467252 0 0 0 1
74.29999999999998 -159.61800419506176 1272.4919403765264 2.101284570458958 0 0 0 1
74.4 -170.612412596823 1278.0002167405435 1.8654298688595503 0 0 0 1
74.5 -176.16984330941966 1281.878442846493 -1.694107377549571 0 0 0 1
74.59999999999998 -182.77219634898205 1276.717645893463 5.4906943538320405 0 0 0 1
74.7 -181.1326149522216 1271.536765965162 -0.521971436417374 0 0 0 1
74.79999999999998 -181.68404172821414 1280.654771887789 -0.44019713911386305 0 0 0 1
74.9 -180.51523259302255 1277.5297680518975 12.756464864130095 0 0 0 1
75.0 -190.57326219562532 1284.5457265430384 -2.1676295327964112 0 0 0 1
75.09999999999998 -195.3595708464244 1279.5597667796806 -3.2590794529730545 0 0 0 1
75.2 -193.12728907574365 1277.1845207598885 -4.729241660632567 0 0 0 1
75.29999999999998 -197.2549154912643 1277.579936157228 0.9408276314452024 0 0 0 1
75.4 -210.34500601858315 1278.182084288795 2.0705357843348224 0 0 0 1
75.5 -212.0949966284548 1283.5513209978903 -11.348970871019603 0 0 0 1
75.59999999999998 -209.07750795410936 1287.6379363939095 -10.704630941109343 0 0 0 1
75.7 -217.0725348803397 1274.3445178037693 -4.479823632189209 0 0 0 1
75.79999999999998 -217.6688193900668 1275.8233744012289 -10.164435072893482 0 0 0 1
75.9 -229.21112144082315 1278.7845346792565 -15.59152663879918 0 0 0 1
76.0 -225.41571679490133 1275.4406403897788 1.4227273726154834 0 0 0 1
76.09999999999998 -241.98561378490933 1274.1852125374212 6.6511096126566684 0 0 0 1
76.2 -231.91061074591366 1276.9574236910041 -5.805768592593623 0 0 0 1
76.29999999999998 -237.05288186484586 1278.3685151548689 2.7141260719203046 0 0 0 1
76.4 -243.70477980123377 1273.1434223553913 -3.3488101596020243 0 0 0 1
76.5 -248.7780317073229 1281.337985233636 7.568394470037461 0 0 0 1
76.59999999999998 -251.98192201733644 1278.4550445045206 -7.975457109045422 0 0 0 1
76.7 -257.5626165620904 1278.2140165554504 -5.6598171368726184 0 0 0 1
76.79999999999998 -258.64911744189016 1284.5062738727872 12.56634597450892 0 0 0 1
76.9 -261.5623705062514 1288.7608620542333 7.683350829237085 0 0 0 1
77.0 -274.9152359741865 1290.1633838491712 -0.27925606557397487 0 0 0 1
77.09999999999998 -264.43016778236233 1276.7855808332556 1.5066116328157335 0 0 0 1
77.2 -276.3352855684949 1281.5464793842705 0.7374823611011436 0 0 0 1
77.29999999999998 -272.2703830595514 1275.0575083853794 -0.22641039625371207 0 0 0 1
77.4 -278.65740675694155 1278.5520160333383 3.3593334336297005 0 0 0 1
77.5 -289.0747485393664 1276.487547207926 -2.2316027158165355 0 0 0 1
77.59999999999998 -285.18083060642437 1274.7078421918777 -2.9762654263002304 0 0 0 1
77.7 -285.42752439324283 1290.1214657687003 -3.1056595506155134 0 0 0 1
77.79999999999998 -301.18035224344374 1275.1721624957218 -7.7874120910922215 0 0 0 1
77.9 -312.96185929982994 1275.91020472531 -12.665610672188222 0 0 0 1
78.0 -308.3095085182992 1279.9737528052588 16.17497170763008 0 0 0 1
78.09999999999998 -312.90238011525724 1287.8145128999952 -0.08769352142982711 0 0 0 1
78.2 -312.0293885886841 1268.9654144509489 -1.1989776408686055 0 0 0 1
78.29999999999998 -314.56984573917487 1282.34860798833 2.7688238559407807 0 0 0 1
78.4 -326.04379712368217 1286.3895821356598 5.532771266002015 0 0 0 1
78.5 -326.6355438482623 1280.4304585113211 -12.468616557360065 0 0 0 1
78.59999999999998 -334.9385977125917 1289.9735005032194 0.09008679442814582 0 0 0 1
78.7 -333.59487361465636 1280.1794005373063 6.292080809086428 0 0 0 1
78.79999999999998 -339.03484840865053 1275.795177954413 -6.2780102135421885 0 0 0 1
78.9 -344.846388102724 1279.7903780418842 5.026410109468657 0 0 0 1
79.0 -353.53812900506273 1281.4897922456043 -17.302485281218168 0 0 0 1
79.09999999999998 -351.42019649228433 1288.9997577132754 0.7059731294712037 0 0 0 1
79.2 -362.3467115655849 1282.8063802647453 -9.438360112501158 0 0 0 1
79.29999999999998 -357.3970092938375 1291.181763799505 6.456533280105532 0 0 0 1
79.4 -369.8621674713423 1285.1255466905595 2.0736749250441733 0 0 0 1
79.5 -362.96778357475506 1279.2099589773545 -1.6233096888798286 0 0 0 1
79.59999999999998 -373.6030884143301 1281.729340808783 9.001830816627233 0 0 0 1
79.7 -375.53530441567995 1275.3705193269825 5.820813595845891 0 0 0 1
79.79999999999998 -386.7011245301118 1274.4072217126181 11.846664390345921 0 0 0 1
79.9 -386.6394141539758 1286.740932284315 6.975072776555578 0 0 0 1
80.0 -388.63987832499765 1274.5735620099197 2.5729091625098306 0 0 0 1
80.09999999999998 -389.35799747640795 1274.9595921606722 -3.867767679115559 0 0 0 1
80.2 -400.0427051909199 1279.9979110120203 -1.0221662745759659 0 0 0 1
80.29999999999998 -405.61054494818353 1282.2441904475213 5.913747071553161 0 0 0 1
80.4 -407.8203590040767 1282.6615438246056 7.116372431832588 0 0 0 1
80.5 -415.0180090600437 1279.4984899563726 1.1740983944113452 0 0 0 1
80.59999999999998 -408.1549102576852 1278.260887146841 -0.42577431153861767 0 0 0 1
80.7 -417.3140093617854 1294.3672145934752 -2.5501490154233295 0 0 0 1
80.79999999999998 -423.7371340694659 1278.2340336589987 7.324095229762236 0 0 0 1
80.9 -436.0471297067391 1281.6614350980337 0.5931259490101013 0 0 0 1
81.0 -426.60391093740486 1272.3678601463475 8.040185195313228 0 0 0 1
81.09999999999998 -430.2370350573516 1270.6073415373903 -9.598594780420967 0 0 0 1
81.2 -435.32115146715813 1276.5092740784698 6.913596562409907 0 0 0 1
81.29999999999998 -444.42473345404983 1278.2204722402648 -5.685202219065417 0 0 0 1
81.4 -440.1637711779436 1276.9589741585041 3.3877936241022724 0 0 0 1
81.5 -443.573191094791 1274.659634125966 -12.68915057277701 0 0 0 1
81.59999999999998 -450.5073755989671 1277.3802870185086 -0.006130634436658511 0 0 0 1
81.7 -454.6696081707096 1257.0108581289578 4.1079370602449785 0 0 0 1
81.79999999999998 -457.7417918244074 1265.4158433815169 9.026927594602142 0 0 0 1
81.9 -459.5121878405022 1269.4947928777256 -6.282733361622945 0 0 0 1
82.0 -456.5229981398202 1265.6488359796783 7.463426057632773 0 0 0 1
82.09999999999998 -473.9615076615234 1267.4845285172553 1.0624760278924157 0 0 0 1
82.2 -471.435317213849 1244.3098491541077 -6.682821898002203 0 0 0 1
82.29999999999998 -474.0439044067113 1252.087900807355 -5.376583495708445 0 0 0 1
82.4 -475.4900812761792 1258.1826270137649 -0.4264738972256623 0 0 0 1
82.5 -481.3925007833667 1251.9298506064777 8.668377212103366 0 0 0 1
82.59999999999998 -476.5869891371143 1241.1297576689565 3.8754866033147266 0 0 0 1
82.7 -483.64600003687053 1239.194227634646 -0.46792043752839163 0 0 0 1
82.79999999999998 -481.7742184506337 1228.644903841642 -1.3860615148464888 0 0 0 1
82.9 -477.1492844757166 1233.98438475745 6.9908084838458535 0 0 0 1
83.0 -479.98575234633836 1226.1952359553734 -2.7807639763614134 0 0 0 1
83.09999999999998 -495.8668006574874 1219.928917543697 5.838227921332049 0 0 0 1
83.2 -494.36855645126246 1216.0102842643032 9.146954832929595 0 0 0 1
83.29999999999998 -492.28949622359755 1216.458117492477 2.203549443510383 0 0 0 1
83.4 -484.3021034220127 1213.2249907765904 7.282371392309074 0 0 0 1
83.5 -496.2763170783761 1211.425462110607 -6.997447546502315 0 0 0 1
83.59999999999998 -493.29998013200407 1205.7730006682293 8.263275057927814 0 0 0 1
83.7 -492.1602828699024 1216.123562278376 -9.043446147170982 0 0 0 1
83.79999999999998 -508.6483486854273 1204.1059785142822 12.802689205213653 0 0 0 1
83.9 -513.1344325724893 1200.0155241986163 -1.5757141127899956 0 0 0 1
84.0 -493.1834449073872 1195.129899232184 -1.1337828040280442 0 0 0 1
84.09999999999998 -501.3677395913875 1189.8966506344236 6.563376262965136 0 0 0 1
84.2 -506.75986871159125 1183.5022539595252 -3.3332082885421244 0 0 0 1
84.29999999999998 -497.29379903603285 1183.4862886674532 -10.208354309281816 0 0 0 1
84.4 -501.5859915388497 1179.6872960841274 -0.5659935163958778 0 0 0 1
84.5 -501.053754883898 1170.225029078992 -5.94953558059467 0 0 0 1
84.59999999999998 -511.2456445028897 1169.193667487824 -1.9829992839896136 0 0 0 1
84.7 -506.64369461300555 1161.873571939624 13.974941418502652 0 0 0 1
84.79999999999998 -513.0908432563424 1158.3350044220813 -4.140261027087945 0 0 0 1
84.9 -508.43665326616747 1154.1186166921002 15.887231719803935 0 0 0 1
85.0 -505.896336755344 1150.5680700324988 18.921487608283996 0 0 0 1
85.09999999999998 -506.03717906900806 1150.9767767037185 0.2769081065086709 0 0 0 1
85.2 -520.0065963329405 1140.7608133034087 -4.533091206119451 0 0 0 1
85.29999999999998 -508.1616360645507 1134.5552707599554 7.927188128067485 0 0 0 1
85.4 -511.73119056620595 1131.9802087113394 0.3546297719427116 0 0 0 1
85.5 -515.9996609234724 1134.2427538913678 -5.737602269987946 0 0 0 1
85.59999999999998 -516.997984908995 1128.0374000932889 -3.360876371648544 0 0 0 1
85.7 -518.5122698291907 1125.8284894150204 -5.360892200513433 0 0 0 1
85.79999999999998 -516.3132849815738 1127.1381727132014 0.4034639131488973 0 0 0 1
85.9 -518.3571743882387 1120.9337231747445 0.8213848428297013 0 0 0 1
86.0 -515.8673520873989 1105.4161607153067 -3.2380003636466483 0 0 0 1
86.09999999999998 -526.0840103319355 1107.2301846381704 6.488855427866525 0 0 0 1
86.2 -520.9409035160518 1104.405711227042 -5.015750633778907 0 0 0 1
86.29999999999998 -518.4149691032297 1096.7403651494362 -4.695339320756602 0 0 0 1
86.4 -519.9920145461009 1089.5083312095883 -4.595835474722492 0 0 0 1
86.5 -513.9242535139683 1092.978893830287 -3.8362071884874354 0 0 0 1
86.59999999999998 -525.445997351459 1086.2079188258435 -11.702703568779128 0 0 0 1
86.7 -514.4769604546389 1088.8304531066271 -2.949104764492631 0 0 0 1
86.79999999999998 -522.721808413282 1080.8146157080225 1.3350305882991336 0 0 0 1
86.9 -521.4411305948663 1081.5586848481873 -3.3170657229536573 0 0 0 1
87.0 -516.7149978537982 1078.801138389736 -2.4943265031695603 0 0 0 1
87.09999999999998 -522.3361489266915 1066.5149348708803 -1.992891610156704 0 0 0 1
87.2 -520.5189156787693 1067.4283455946816 -1.3806535512182165 0 0 0 1
87.29999999999998 -523.667045939663 1066.6643258756549 -5.947845670652725 0 0 0 1
87.4 -516.2719556552811 1064.5263476843277 18.251468618494783 0 0 0 1
87.5 -513.1811778272327 1042.8862187285708 -9.064880893635888 0 0 0 1
87.59999999999998 -519.6036453680499 1056.834648307666 9.734192442479298 0 0 0 1
87.7 -519.3365978556047 1045.1476901016695 -8.645770865877438 0 0 0 1
87.79999999999998 -529.9136547686618 1033.628111367479 6.240122866939515 0 0 0 1
87.9 -529.1266594961428 1034.0236689868677 -2.4969360512231447 0 0 0 1
88.0 -533.1461321673626 1031.0708799598187 -3.6485257850706603 0 0 0 1
88.09999999999998 -511.6679448565859 1029.436985626167 -0.3432482573582831 0 0 0 1
88.2 -532.4649812060596 1022.4952191735898 -0.6473936034847441 0 0 0 1
88.29999999999998 -522.1657360758038 1015.8329189835779 -7.845862324598045 0 0 0 1
88.4 -522.4700454507624 1018.138094808377 1.3921677963403454 0 0 0 1
88.5 -520.3946370624227 1009.1653001811105 1.080482316844325 0 0 0 1
88.59999999999998 -520.33711596096 1010.8761786782665 4.653336207577297 0 0 0 1
88.7 -526.0765185775 1002.6882675698121 -6.766380062127951 0 0 0 1
88.79999999999998 -524.3134324308618 995.7326151929884 -3.6090892979036084 0 0 0 1
88.9 -522.8996116444814 1003.7894564636417 -4.547708275747709 0 0 0 1
89.0 -518.3534263380491 992.1341880897712 -10.31466165950053 0 0 0 1
89.09999999999998 -527.1585201331396 986.2804132008954 1.864246625183938 0 0 0 1
89.2 -529.2627617857686 990.6219164338984 4.406405244830381 0 0 0 1
89.29999999999998 -526.657268655043 983.5592856438227 10.228796465821262 0 0 0 1
89.4 -529.3806621125653 983.6176703483421 5.970879238749376 0 0 0 1
89.5 -526.7128688934195 972.0256572758756 9.33905252241567 0 0 0 1
89.59999999999998 -523.0082978216665 966.920008168433 -0.8861027007992845 0 0 0 1
89.7 -530.5611378448235 964.5780056764237 -13.534995412480015 0 0 0 1
89.79999999999998 -532.3345547575469 962.4451769869328 -4.868813528204157 0 0 0 1
89.9 -528.8876501876488 955.633019658974 2.743449487569819 0 0 0 1
90.0 -526.4337599380169 947.7833052522305 -4.528653203670558 0 0 0 1
90.1 -524.5413655392103 952.6748436153013 -8.684564397096125 0 0 0 1
90.2 -535.4129599237737 940.9797253850052 -2.036794423600213 0 0 0 1
90.3 -525.7517935480103 954.7338348271365 -0.5628497623451381 0 0 0 1
90.4 -529.7643775211545 931.9213351342078 12.950483831651013 0 0 0 1
90.5 -524.9089519091507 930.9826421662183 -5.3856950647465 0 0 0 1
90.6 -515.4293707320701 933.5902378254618 -4.623123802658029 0 0 0 1
90.7 -518.2642770172077 927.2908582244702 -3.0993324902213715 0 0 0 1
90.8 -534.6124344670975 923.0085293175165 -4.015423138722241 0 0 0 1
90.9 -526.5599771710647 912.2988260721589 -8.413293207802525 0 0 0 1
91.0 -522.0488252865202 919.0057712277885 -4.691822602711909 0 0 0 1
91.1 -521.1544851558858 904.6753409008826 1.6566336133321045 0 0 0 1
91.2 -530.9785519336083 903.5061521538471 -0.491907694899993 0 0 0 1
91.3 -531.5067152144942 902.5660675485428 -11.01643203508118 0 0 0 1
91.4 -526.9166563174675 891.4862317575345 -0.3130222435028429 0 0 0 1
91.5 -525.5513216961289 890.4594779422542 -11.230147458115596 0 0 0 1
91.6 -527.2640521242593 895.0071803908868 5.9517449724968685 0 0 0 1
91.7 -526.5708257760606 889.3667497741974 14.570283964658273 0 0 0 1
91.8 -531.8382431150471 873.7122697256585 3.4491639201202418 0 0 0 1
91.9 -530.6057501508288 875.7757729119836 -7.223356658046583 0 0 0 1
92.0 -540.1140839306051 873.5397169730696 -11.295514172303996 0 0 0 1
92.1 -538.0480983074071 874.0585880367529 5.887567789611751 0 0 0 1
92.2 -516.5328956321548 872.4233476646377 8.99399207494838 0 0 0 1
92.3 -539.3837709441059 865.678744189976 -9.77430505365345 0 0 0 1
92.4 -528.7496789089109 857.0590428463229 5.199358954403209 0 0 0 1
92.5 -525.2641788960003 851.7821533718666 -5.822872222401912 0 0 0 1
92.6 -534.8750708964727 845.2839653000675 12.781107187200547 0 0 0 1
92.7 -527.5436828937886 844.8850331950175 -4.0672615362641125 0 0 0 1
92.8 -533.3119778728574 844.1289107254638 -2.5674246206239673 0 0 0 1
92.9 -543.2292671505254 840.49663270061 5.626425986031904 0 0 0 1
93.0 -527.1788998753954 833.3917523481015 -9.327777673483013 0 0 0 1
93.1 -533.5075564498103 828.2052992945655 5.32326933962014 0 0 0 1
93.2 -535.2667441842668 832.5010047633004 -0.1620723713365635 0 0 0 1
93.3 -537.1767330679457 824.9311680982566 -8.55109017492984 0 0 0 1
93.4 -531.2756514212771 812.9395663148988 -0.34508094971269543 0 0 0 1
93.5 -535.4910610828961 818.1917587450192 -4.252059876674451 0 0 0 1
93.6 -532.0417439282803 811.3332619733246 -16.912731406618974 0 0 0 1
93.7 -537.2610141879666 809.734901911213 -6.706489851271982 0 0 0 1
93.8 -527.3632710232515 804.5492387551723 -6.031873263225037 0 0 0 1
93.9 -527.0082915027402 801.5317894873657 -4.636327943154583 0 0 0 1
94.0 -526.3310446881696 794.1196664258811 7.957812203856747 0 0 0 1
94.1 -541.6501249223293 792.424788096133 3.4508844809191146 0 0 0 1
94.2 -528.0019511684229 785.6871033793002 -4.601528408961684 0 0 0 1
94.3 -530.830574075733 785.7041307824974 6.3009087538416395 0 0 0 1
94.4 -533.5482394474446 780.490103782007 4.3345496909172425 0 0 0 1
94.5 -531.8085734188553 779.4657565623597 -1.9899313175222915 0 0 0 1
94.6 -543.0894493629952 772.0968200789774 4.23736166834243 0 0 0 1
94.7 -533.7381921392819 767.1812567675934 -1.9933533465122082 0 0 0 1
94.8 -539.0964450904833 757.6794643352906 3.3863772518165263 0 0 0 1
94.9 -540.2440637668174 765.2726553677305 -1.4910275222024438 0 0 0 1
95.0 -537.7598738291919 753.1218267219059 -4.295387147834219 0 0 0 1
95.1 -529.8603848231096 752.3094663341287 -3.647156800156523 0 0 0 1
95.2 -542.8186257589357 750.7398112643085 12.630417006996367 0 0 0 1
95.3 -540.4022491262562 749.112371283061 12.054755856909964 0 0 0 1
95.4 -536.247413390809 737.1591033759621 -1.6674461333825263 0 0 0 1
95.5 -532.4392096714611 733.383312982596 -9.887279059990902 0 0 0 1
95.6 -539.987147490586 730.3831981851417 0.21109990931236666 0 0 0 1
95.7 -532.1560428342754 732.0809906554371 0.6134063607677263 0 0 0 1
95.8 -530.7817165269323 728.2422806802061 -7.6993639536602245 0 0 0 1
95.9 -527.830243219134 718.9043572903777 -8.096485052820668 0 0 0 1
96.0 -532.5693361652772 714.4547061787719 -3.6602883715331984 0 0 0 1
96.1 -534.3258978210959 710.7199134200196 1.7700357853153434 0 0 0 1
96.2 -533.6656188244822 706.5628467194205 -2.82522026970949 0 0 0 1
96.3 -534.5553380322915 702.2298144418891 -6.447133832473469 0 0 0 1
96.4 -541.171184724418 694.9716423977336 10.165857698405887 0 0 0 1
96.5 -538.3316617704583 695.280912337861 0.10444215736038132 0 0 0 1
96.6 -544.2960066987622 685.9668535521713 -2.4303985104790513 0 0 0 1
96.7 -536.7634388662905 684.1074368955033 -1.0880342847826796 0 0 0 1
96.8 -536.9007807378457 689.5549712598076 -12.843800956846621 0 0 0 1
96.9 -532.5876658116871 680.4083988731046 2.7789560424243973 0 0 0 1
97.0 -523.8119218645255 671.3452850333264 -0.01591389744757521 0 0 0 1
97.1 -542.0863127164224 678.036316411985 -0.5189589481171311 0 0 0 1
97.2 -545.8620575158843 669.2832569326104 7.4480842327451455 0 0 0 1
97.3 -548.3063531496939 672.0611540423319 2.145799571037827 0 0 0 1
97.4 -540.0111301430264 665.0807845461778 -5.4801679865797155 0 0 0 1
97.5 -536.5228147663503 643.0461837338077 -13.02634796011776 0 0 0 1
97.6 -544.4515552870129 654.8541170156477 -8.993697762468685 0 0 0 1
97.7 -535.9841109315009 647.2793488812023 10.090357980711957 0 0 0 1
97.8 -538.3317409622427 638.1569773209875 7.9163362098603045 0 0 0 1
97.9 -547.6989303886396 641.0871847183411 9.558697572670667 0 0 0 1
98.0 -540.0704446817585 636.1118431517062 -1.2795661227862638 0 0 0 1
98.1 -533.3987142705283 629.4161748921875 4.760573164065278 0 0 0 1
98.2 -543.7856485075876 640.2509434323522 4.637247277564626 0 0 0 1
98.3 -538.6591632499967 620.3479080911956 5.913140745042 0 0 0 1
98.4 -528.8190206730212 621.2856353592817 -7.550090732582163 0 0 0 1
98.5 -535.7888401187839 613.0658982475637 6.302375727753599 0 0 0 1
98.6 -537.8300370295628 619.0879205014793 2.794488532917569 0 0 0 1
98.7 -542.596836550129 604.6381291392521 0.26145689267266903 0 0 0 1
98.8 -549.3673269460583 609.336101447023 -9.4773734687748 0 0 0 1
98.9 -532.8588323626567 594.5219847885943 4.114405463564253 0 0 0 1
99.0 -541.4533674949823 596.9439928038589 -11.87819798593776 0 0 0 1
99.1 -536.9095003121795 594.555906412829 -7.069024915404384 0 0 0 1
99.2 -544.1994894918041 594.9315912986403 12.393357973148426 0 0 0 1
99.3 -537.6713430415366 579.8496920808775 1.7386335976487715 0 0 0 1
99.4 -548.7882838834066 582.0821917879072 7.861725699471663 0 0 0 1
99.5 -542.245700415767 579.032681496395 -5.169723742760681 0 0 0 1
99.6 -535.6044555382302 570.1007899446552 3.032546591258523 0 0 0 1
99.7 -539.786351975361 571.3660114853757 7.383485794107457 0 0 0 1
99.8 -540.9251599954407 562.0800292235583 -11.09569612371078 0 0 0 1
99.9 -543.7648323811063 567.4948053371859 9.790046710901663 0 0 0 1
100.0 -538.9022852454095 547.8980992427972 -2.022476622253265 0 0 0 1
100.1 -545.605061911267 549.7469201446472 7.117253223716801 0 0 0 1
100.2 -550.2471081690024 545.1735979392294 -7.948311694838111 0 0 0 1
100.3 -527.7877889581945 538.2301727586419 3.7775239148595574 0 0 0 1
100.4 -540.5109070329081 539.7403331915399 -9.202371427788592 0 0 0 1
100.5 -541.1229657916392 532.5552134023856 0.9642801180981451 0 0 0 1
100.6 -532.4471594532255 527.4466654318057 0.9406922616729219 0 0 0 1
100.7 -539.902000405309 519.002800881051 1.629335607877664 0 0 0 1
100.8 -548.853746695128 523.0032912003062 -10.05844225689546 0 0 0 1
100.9 -548.591951009721 522.5405660374742 4.17491205522407 0 0 0 1
101.0 -539.406681625856 512.4564767882597 3.6484643454230934 0 0 0 1
101.1 -542.4952472521456 510.13461747035376 -2.9831281585785803 0 0 0 1
101.2 -546.828875515025 500.57725068254723 8.521976567478674 0 0 0 1
101.3 -535.9726877898318 505.805772992976 -7.833251360981961 0 0 0 1
101.4 -549.7091405746858 497.2754505705771 -3.751795295669183 0 0 0 1
101.5 -547.1664268258914 487.23451274982403 2.9440825987338712 0 0 0 1
101.6 -548.6923657316238 489.1359264807064 21.755798316810257 0 0 0 1
101.7 -545.9199330450753 493.0892197406465 3.5646437922036682 0 0 0 1
101.8 -538.9861793703835 476.8315267383408 3.052058916593637 0 0 0 1
101.9 -539.1293060136447 478.9610403171912 5.046134563523339 0 0 0 1
102.0 -542.6371210617316 478.9458642780711 12.325933725756954 0 0 0 1
102.1 -540.235336811923 467.4960027093928 5.520207444689333 0 0 0 1
102.2 -537.3382436183073 467.4315634264983 2.678979250579829 0 0 0 1
102.3 -536.935278039562 471.9763858828626 3.679692171009634 0 0 0 1
102.4 -542.3314536081544 451.4189421204833 -10.353507065921292 0 0 0 1
102.5 -554.9591682070557 453.6913862103786 -4.366123136806124 0 0 0 1
102.6 -545.7207036582645 451.69916264620645 12.32657771305503 0 0 0 1
102.7 -541.9650661323241 445.21219405270654 13.039478386105344 0 0 0 1
102.8 -544.0791183088518 439.43517896248477 -4.112209425277456 0 0 0 1
102.9 -541.6740280333493 432.66085062610813 -0.37060724726416083 0 0 0 1
103.0 -544.238336812489 441.21265828945 -3.971369595821386 0 0 0 1
103.1 -551.6791074154181 437.41127631127324 -3.1118709540868963 0 0 0 1
103.2 -546.1573166380994 431.624084812407 0.9086865160052753 0 0 0 1
103.3 -548.6888950142364 422.6083293603384 0.15809965278938876 0 0 0 1
103.4 -545.2554850589423 425.0304007816429 3.812472286608255 0 0 0 1
103.5 -544.3510596827181 422.20122898470896 4.1370998534688965 0 0 0 1
103.6 -551.6673807592631 407.7506387096417 -0.8681117887254288 0 0 0 1
103.7 -548.008029060987 407.003823647805 -10.254982797599979 0 0 0 1
103.8 -545.8483184211061 410.7639759623441 9.945986434666395 0 0 0 1
103.9 -546.5824697477526 397.4990229255075 -8.239035523278005 0 0 0 1
104.0 -549.1329069141289 394.2457583084634 -6.292481775901024 0 0 0 1
104.1 -546.6843600376612 393.3734046496676 3.5275994466433644 0 0 0 1
104.2 -548.5439822520616 395.1362486399249 -0.4726319522503104 0 0 0 1
104.3 -541.5621363833748 386.3553080511231 14.127217091835405 0 0 0 1
104.4 -551.4360491602934 382.3389798130515 5.148793748689798 0 0 0 1
104.5 -543.0316006452198 377.55304257115387 8.662434445757981 0 0 0 1
104.6 -543.9882123715029 373.03618219409327 -2.1622043193881098 0 0 0 1
104.7 -553.1465282417815 374.8385764756802 6.026787928204328 0 0 0 1
104.8 -551.944516929431 358.79912752880966 -5.631066817039823 0 0 0 1
104.9 -537.2804758380666 366.15674735734444 -0.2976534647437461 0 0 0 1
105.0 -547.66364904997 354.47745774359703 -3.020398381265238 0 0 0 1
105.1 -543.3317343898731 348.6444679682668 -0.7630935092360573 0 0 0 1
105.2 -546.1835509350833 344.2733925591671 1.3254404258238424 0 0 0 1
105.3 -540.8890804361329 346.64113175293926 2.0919880863359026 0 0 0 1
105.4 -546.3186416224946 339.3665734826988 1.6522151772445 0 0 0 1
105.5 -551.8654330025095 334.0373721000686 -16.3662587159736 0 0 0 1
105.6 -542.0821984236404 333.1165809068893 3.642871356213533 0 0 0 1
105.7 -549.1873190941482 320.38810901045747 6.392573969860052 0 0 0 1
105.8 -551.1992393802143 330.1616686490389 -3.552941878702484 0 0 0 1
105.9 -542.584767112698 325.7511121117858 7.286336128892998 0 0 0 1
106.0 -540.8722063883899 314.74616100894093 -7.208068323188513 0 0 0 1
106.1 -552.1975171534527 307.0345482165511 -0.5527059036866717 0 0 0 1
106.2 -556.0164470172729 311.4384755745071 -8.960938502170194 0 0 0 1
106.3 -553.2480660532066 298.8513417705631 2.933150148647229 0 0 0 1
106.4 -536.4537416832511 302.8689626934099 -4.534714545341274 0 0 0 1
106.5 -549.728214893144 295.7998058522214 13.751820512834911 0 0 0 1
106.6 -543.3928633311489 285.85019857623837 10.37737880252564 0 0 0 1
106.7 -549.9323211326998 288.0083836975996 1.290678207952169 0 0 0 1
106.8 -548.7857695484009 292.7165976505433 13.1612986756667 0 0 0 1
106.9 -551.7591933174704 295.5322045144137 0.016264937580160677 0 0 0 1
107.0 -552.7089858869092 284.4176248308525 9.475443850564517 0 0 0 1
107.1 -544.0120758832575 259.6090053847885 5.231548934759701 0 0 0 1
107.2 -554.0631476391784 269.3791533847045 8.048686604355112 0 0 0 1
107.3 -543.5349234453295 253.7481661135641 -3.9253673066509407 0 0 0 1
107.4 -540.1325420627758 268.59758004450117 7.473426770702247 0 0 0 1
107.5 -548.1804771151527 261.7715869465819 -11.822764567818894 0 0 0 1
107.6 -549.8490740193516 246.68685866085605 -0.2083867309470122 0 0 0 1
107.7 -557.806401440477 259.79199007969714 2.020170846090764 0 0 0 1
107.8 -556.7092951680976 237.02033283546365 1.3785440349034275 0 0 0 1
107.9 -551.1728768091889 232.57945162503785 -5.432329983854487 0 0 0 1
108.0 -549.365029542788 235.51411915254255 3.8739205451219902 0 0 0 1
108.1 -556.2644895940518 231.26874017531176 -8.537896053853927 0 0 0 1
108.2 -548.808460840994 222.28076518081812 3.986140992334839 0 0 0 1
108.3 -556.5262501767046 222.45917290451447 -10.249541583330483 0 0 0 1
108.4 -554.5933440679777 218.6996055485841 13.451697598176764 0 0 0 1
108.5 -549.0079904667973 218.1425923046503 -1.3391855826976098 0 0 0 1
108.6 -556.0322535544892 205.06850449853363 0.9737872328408628 0 0 0 1
108.7 -559.6790062935354 207.72338299227482 1.5649743415928583 0 0 0 1
108.8 -550.926981528021 210.80110592311996 2.027123836070416 0 0 0 1
108.9 -567.597274443202 201.3419639231473 0.7394707981576119 0 0 0 1
109.0 -553.1861963316169 193.33028900789898 0.7611270861786181 0 0 0 1
109.1 -554.8334466845065 191.9210535689054 -3.2121845805931173 0 0 0 1
109.2 -554.4823026302213 196.36127086676544 7.609466007047757 0 0 0 1
109.3 -561.2333626475418 184.3300796809183 -12.422477112112347 0 0 0 1
109.4 -557.520798632416 170.601214764601 6.271164599696277 0 0 0 1
109.5 -546.3765824971962 181.08721193999244 0.9363880755227001 0 0 0 1
109.6 -553.1287967500122 171.98031792762183 -0.20232880533771436 0 0 0 1
109.7 -553.6527695930802 175.92257019133433 -8.385165495506442 0 0 0 1
109.8 -554.907751060267 163.52581566065174 0.1793529772733109 0 0 0 1
109.9 -555.1572557228615 167.55374946074872 -3.7263779052531447 0 0 0 1
110.0 -558.941770055561 153.5461024609159 0.6949412803603252 0 0 0 1
110.1 -557.9937714672305 152.02104385271815 6.879541405037713 0 0 0 1
110.2 -556.350052978398 140.80158606231754 5.250288651979531 0 0 0 1
110.3 -554.4328298148847 137.84074335365142 -5.874679138085213 0 0 0 1
110.4 -559.8035155255766 143.7016655652375 0.6521364834744645 0 0 0 1
110.5 -558.7046090064426 135.96583519808928 -0.6844346306234002 0 0 0 1
110.6 -549.9430513655416 135.94960225642794 -3.4152280525087804 0 0 0 1
110.7 -551.88496175312 129.52230665523365 -10.248782436784325 0 0 0 1
110.8 -565.2401792744631 128.1952326343149 1.0471150017872048 0 0 0 1
110.9 -564.3149324464673 120.78294941585703 13.669283732665633 0 0 0 1
111.0 -543.6971748057557 114.81798028249585 10.435236039492224 0 0 0 1
111.1 -550.2340789003334 110.19609572697688 -0.41071251800087794 0 0 0 1
111.2 -558.662536524832 113.12025843054343 2.5132133885180963 0 0 0 1
111.3 -560.0505083903619 105.38392591711003 -1.8564803992757675 0 0 0 1
111.4 -543.7545755511559 100.95330117875412 3.6069969320042503 0 0 0 1
111.5 -547.1261521874874 96.73917488971966 -0.8129263857597664 0 0 0 1
111.6 -535.8795569187084 93.16045510711407 -8.23526431213682 0 0 0 1
111.7 -541.2928952382592 86.39819398399978 7.568282300161229 0 0 0 1
111.8 -537.5426752992621 92.96896498070534 -1.2155382145930673 0 0 0 1
111.9 -533.6954755870227 86.24965127005542 -14.423176343178852 0 0 0 1
112.0 -542.5443411284921 81.49355576685026 -3.6409337733601035 0 0 0 1
112.1 -529.2575399069597 82.62756217778768 -4.766742255486264 0 0 0 1
112.2 -528.9550302982433 78.08217300941254 8.821366986677873 0 0 0 1
112.3 -526.2075440231084 84.78365247440036 2.991644490400347 0 0 0 1
112.4 -522.34443977107 69.46977571597807 -3.6754700474247954 0 0 0 1
112.5 -520.6480268557748 69.95975616611565 4.29777073491681 0 0 0 1
112.6 -512.6152012032794 61.84852976750183 -8.65368579069792 0 0 0 1
112.7 -511.48093039328705 60.92479827914954 -1.319849270279576 0 0 0 1
112.8 -504.0901229304486 55.52711935964503 -3.9068396031228474 0 0 0 1
112.9 -503.84469380947246 62.94079635353765 -1.345158977767909 0 0 0 1
113.0 -502.12602776900695 62.37188047831464 3.8942057649489357 0 0 0 1
113.1 -506.54189351817405 58.78166705444008 -8.470634580065166 0 0 0 1
113.2 -489.1717051979856 61.69083813313745 7.357703836671902 0 0 0 1
113.3 -494.0163398837617 51.2927143114277 6.236063058145476 0 0 0 1
113.4 -495.0197300869901 48.952291269529596 -7.811113984467653 0 0 0 1
113.5 -487.0456894707038 47.64353113094853 6.817313145473378 0 0 0 1
113.6 -490.90565373757715 47.633576369589065 7.3243124551899825 0 0 0 1
113.7 -471.5738492412248 48.71706378115189 -1.192119751482096 0 0 0 1
113.8 -473.71877385224263 53.86104093340032 -5.837572649583365 0 0 0 1
113.9 -471.20814374891825 42.89405850324968 -4.620628921299101 0 0 0 1
114.0 -466.5014163304395 45.98694824487579 -11.330439674588007 0 0 0 1
114.1 -472.6216401634535 35.94976900790694 -5.703999894092533 0 0 0 1
114.2 -456.5578244351368 45.53273378953658 3.907849750243429 0 0 0 1
114.3 -455.133070368984 44.118726632261996 0.26382960325784666 0 0 0 1
114.4 -446.7229348085769 44.22143238016312 13.379845463546843 0 0 0 1
114.5 -436.7126331673885 34.20292501850088 -5.577177847306416 0 0 0 1
114.6 -440.7135972835338 33.85698102936257 -4.244667870317869 0 0 0 1
114.7 -437.3501549075857 35.08443963166266 -2.0489123409633407 0 0 0 1
114.8 -443.35639780092924 38.0408827038778 3.5414164660086556 0 0 0 1
114.9 -434.1943584480694 28.557493482509116 -2.8920748051236274 0 0 0 1
115.0 -430.3856258065309 31.535021497863028 5.857685366453524 0 0 0 1
115.1 -420.02748810697767 37.13139812847638 -0.35472823057531855 0 0 0 1
115.2 -418.4775300551064 25.11825890769765 0.24109373331546635 0 0 0 1
115.3 -422.5336972187854 32.28902313166802 9.41022526206072 0 0 0 1
115.4 -408.25351935775615 23.6640543194341 3.7085568220946925 0 0 0 1
115.5 -399.56011291603795 30.669561895735896 -8.914471335505823 0 0 0 1
115.6 -401.5661935199912 34.27886933071879 4.350723278803315 0 0 0 1
115.7 -414.335819119853 26.537977862963558 -3.739337385379372 0 0 0 1
115.8 -398.7778063361484 28.246787226276354 -2.602409987287018 0 0 0 1
115.9 -389.64634242375485 22.11342679899269 -9.056921276756327 0 0 0 1
116.0 -390.7370940488432 31.046849789766185 -1.33193993288765 0 0 0 1
116.1 -389.48095894321045 33.14718002472493 -0.4308590636366034 0 0 0 1
116.2 -381.516814487874 17.648353561567802 -5.323107703682155 0 0 0 1
116.3 -380.36160687327373 28.058300703698805 16.513604104934558 0 0 0 1
116.4 -366.38253165997673 21.665708413017555 11.983021269238435 0 0 0 1
116.5 -360.9152773629477 22.048890101639188 -7.169766444246221 0 0 0 1
116.6 -363.61783708079446 21.64786092319892 4.102710234264123 0 0 0 1
116.7 -363.2664701390075 17.425551420683746 4.890068545297709 0 0 0 1
116.8 -350.70742272025484 21.980581486437764 6.274224507880007 0 0 0 1
116.9 -352.66830050004995 20.531726816618246 -3.7842659801529805 0 0 0 1
117.0 -343.8849078410982 26.810675974538604 -0.37741565544965283 0 0 0 1
117.1 -343.7610735383088 14.513350770956912 -1.006669609606945 0 0 0 1
117.2 -333.7631082617647 25.445061127906925 2.7792209107681742 0 0 0 1
117.3 -329.7863604207836 17.5480255298815 -7.00901617972832 0 0 0 1
117.4 -326.2071686022024 25.32566844628905 3.206909164132526 0 0 0 1
117.5 -325.4809959889464 26.939447240817543 1.376910032187567 0 0 0 1
117.6 -320.6615610404524 20.096364509469105 -2.6519819629225196 0 0 0 1
117.7 -323.0428630020057 13.096041157718979 7.1424765335503935 0 0 0 1
117.8 -314.47098947654086 22.1114040903923 -1.766644935337638 0 0 0 1
117.9 -317.9574272379051 13.139512531363394 -0.39423496598112706 0 0 0 1
118.0 -309.3341416681621 23.078082448984908 -6.398076052710735 0 0 0 1
118.1 -304.6118975245551 13.184267808319113 9.61872288695372 0 0 0 1
118.2 -301.4537756049034 22.745093000506635 -14.898291884811513 0 0 0 1
118.3 -297.6666926325985 23.74485922457452 -6.139071803350674 0 0 0 1
118.4 -288.61698105456657 22.47186379552027 1.2778707997851626 0 0 0 1
118.5 -292.9953837788736 12.484319952629654 -14.496672699126549 0 0 0 1
118.6 -283.6023055750556 17.96287035788304 9.73222602460784 0 0 0 1
118.7 -272.65089830802884 13.361569449767494 -4.069914741564219 0 0 0 1
118.8 -262.51954500017837 8.24489932157256 -14.693284737135428 0 0 0 1
118.9 -276.7434540092624 13.745566949889216 -5.356248583826002 0 0 0 1
119.0 -265.81384700248896 24.024078230158658 -1.6036620813415539 0 0 0 1
119.1 -272.1969023921173 11.860540268756587 -8.453603628342321 0 0 0 1
119.2 -249.67974382032193 11.782010475068631 -2.225312767028413 0 0 0 1
119.3 -249.53968554758887 5.966453074542535 7.221038811972392 0 0 0 1
119.4 -251.50810217333762 12.415691553346804 -9.235135523838366 0 0 0 1
119.5 -246.02422003121023 3.4478437400779214 -1.7707452999602538 0 0 0 1
119.6 -244.6805911373558 19.450639857582296 -14.582411441867677 0 0 0 1
119.7 -238.91924622934798 7.127816240930791 -10.215467884887289 0 0 0 1
119.8 -243.69028431893656 13.456911981111162 -3.7004638899342552 0 0 0 1
119.9 -233.2760401165211 14.70527454982713 2.9608671523428853 0 0 0 1
