357474.0 0.4668119813668418 0.10902245985875379 -0.2018399817230241 0 0 0 1
357475.0 0.49644503386705763 -0.1787557271908725 -0.23883997903491977 0 0 0 1
357476.0 0.6380031059569766 -1.6262324514558086 -0.2498397611309996 0 0 0 1
357477.0 0.8979054717380508 -4.211510861808404 -0.144838548162108 0 0 0 1
357478.0 1.063587990938637 -6.757384850410389 -0.19283633431404723 0 0 0 1
357479.0 1.292828236823783 -10.120331625780377 -0.19983184692497669 0 0 0 1
357480.0 1.581703261921859 -14.835571738171447 -0.34182256467762284 0 0 0 1
357481.0 2.025045235989494 -21.062075856484743 -0.24880493180508445 0 0 0 1
357482.0 2.4419422271522513 -28.35495831908375 -0.346776557171385 0 0 0 1
357483.0 2.8015965449472273 -35.92365166193829 -0.3097383026525109 0 0 0 1
357484.0 2.9399777825586124 -43.35272577380284 -0.3666921117980291 0 0 0 1
357485.0 3.015960458562733 -50.746697744368205 -0.3666375793013499 0 0 0 1
357486.0 3.1594272411667133 -57.79999365074575 -0.3995775435157036 0 0 0 1
357487.0 3.271933096209504 -64.49641191138055 -0.4135133425908195 0 0 0 1
357488.0 3.4640061716253836 -70.94617533164319 -0.463444817361105 0 0 0 1
357489.0 3.667581361818494 -77.68363934146178 -0.47336626947363447 0 0 0 1
357490.0 3.9817500617788313 -85.16663643980941 -0.4962706324400832 0 0 0 1
357491.0 4.424993590714495 -93.30976044570798 -0.5921565054034268 0 0 0 1
357492.0 4.950449558518377 -101.79872404229491 -0.5670263906785187 0 0 0 1
357493.0 5.558661856337908 -110.60503569019534 -0.633879380716154 0 0 0 1
357494.0 6.111285526380838 -119.48691948368406 -0.6997188057358898 0 0 0 1
357495.0 6.596154383155503 -128.0318041566269 -0.6835526589319398 0 0 0 1
357496.0 7.039830542309497 -136.2875377196782 -0.6933812677767475 0 0 0 1
357497.0 7.411582755694438 -144.24745710208765 -0.7882059418939629 0 0 0 1
357498.0 7.737528778837792 -151.8973260947517 -0.8210281101173997 0 0 0 1
357499.0 8.045441467450063 -159.43630804224276 -0.7978438869214521 0 0 0 1
357500.0 8.363862993694148 -167.3005528298703 -0.8446422187516882 0 0 0 1
357501.0 8.674457514849147 -175.48516039389645 -0.8654220549577794 0 0 0 1
357502.0 9.040560615275838 -183.99909036100297 -0.8761818202712854 0 0 0 1
357503.0 9.418292425915178 -192.7273770819097 -0.9069237246981219 0 0 0 1
357504.0 9.795604109347906 -201.73509593341706 -0.9496448477932455 0 0 0 1
357505.0 10.168694560645015 -211.0583575824782 -1.0123428217805 0 0 0 1
357506.0 10.452533371660655 -220.6442176172957 -1.082018235183277 0 0 0 1
357507.0 10.613808476989938 -230.02165354262777 -1.0216869577399823 0 0 0 1
357508.0 10.760174465703816 -239.09860923292248 -1.0593531898958775 0 0 0 1
357509.0 10.879807183423647 -248.12072725601402 -1.0860086877168555 0 0 0 1
357510.0 10.966613502270404 -257.2703365769632 -1.116646352467078 0 0 0 1
357511.0 11.065048261283499 -266.52098833220373 -1.1752666659682935 0 0 0 1
357512.0 11.175344625423186 -275.878539672241 -1.2328689312603762 0 0 0 1
357513.0 11.24565321932745 -285.34126136685 -1.2474528487547474 0 0 0 1
357514.0 11.31748191487076 -294.9541113395876 -1.3000158016040855 0 0 0 1
357515.0 11.351120766017585 -304.7189990736256 -1.3285570911700102 0 0 0 1
357516.0 11.3243765903416 -314.6602518815871 -1.3380748597825178 0 0 0 1
357517.0 11.270679769295683 -324.5840002834769 -1.3955780840264262 0 0 0 1
357518.0 11.173346972018269 -334.17444964304394 -1.440083415300811 0 0 0 1
357519.0 11.027797557851466 -343.3937414141098 -1.461594396560467 0 0 0 1
357520.0 10.858110111165908 -352.26067857335 -1.4511115551800415 0 0 0 1
357521.0 10.67273294394396 -361.1518118783713 -1.5006150487537075 0 0 0 1
357522.0 10.52946672550063 -370.00988494151824 -1.4991080017150669 0 0 0 1
357523.0 10.442581930554997 -378.59364400500647 -1.517604843270271 0 0 0 1
357524.0 10.364130294089277 -386.8934088717761 -1.5361073433584336 0 0 0 1
357525.0 10.24075272982032 -394.8767775385464 -1.5436187048251577 0 0 0 1
357526.0 10.191226399885359 -402.58765877926686 -1.6121371517994394 0 0 0 1
357527.0 10.338505903602483 -410.0228106527851 -1.5786636834993146 0 0 0 1
357528.0 11.199742366289346 -417.1178961952414 -1.5952025617341272 0 0 0 1
357529.0 12.962340837312556 -423.7634620756365 -1.6627615190290594 0 0 0 1
357530.0 15.757360154982202 -429.97435529142666 -1.5853398838130968 0 0 0 1
357531.0 19.819160864217046 -435.7849132421728 -1.58393448993748 0 0 0 1
357532.0 25.01761127214126 -440.8592977569609 -1.5555677192408144 0 0 0 1
357533.0 30.902029945625436 -444.68450760354193 -1.579276500074581 0 0 0 1
357534.0 37.21021183360294 -447.35392187517203 -1.6400561687682753 0 0 0 1
357535.0 44.137682655908854 -448.91544222423613 -1.6639021909095462 0 0 0 1
357536.0 51.64078119209532 -449.8032051397812 -1.7097831299282262 0 0 0 1
357537.0 59.76757062292034 -450.40868783317455 -1.775669169186333 0 0 0 1
357538.0 68.70043560580038 -450.96925461780654 -1.6605392563925392 0 0 0 1
357539.0 78.34131756155153 -451.63456454210706 -1.6343806302094563 0 0 0 1
357540.0 88.05763221164827 -452.36852794578084 -1.618201392827757 0 0 0 1
357541.0 97.9539207747058 -453.1736057992907 -1.574999387546626 0 0 0 1
357542.0 108.03653213495407 -453.9248515865158 -1.6167825232192996 0 0 0 1
357543.0 118.26692050600657 -454.3889017743008 -1.6765672655859447 0 0 0 1
357544.0 128.66448727757924 -454.5671607550613 -1.786352468498123 0 0 0 1
357545.0 139.17455014779446 -454.6394238008733 -1.8321257344619255 0 0 0 1
357546.0 149.44359958748214 -454.65097258332776 -1.8758916077064782 0 0 0 1
357547.0 159.44850922046425 -454.5422414308626 -1.984656079226383 0 0 0 1
357548.0 169.25987032019253 -454.0020893308167 -2.039440648332473 0 0 0 1
357549.0 179.06322438522614 -453.1287483141362 -2.0802339020717966 0 0 0 1
357550.0 189.04967895667045 -452.29381829913643 -2.156003737322166 0 0 0 1
357551.0 199.23927015854557 -451.62254498951376 -2.20973981810873 0 0 0 1
357552.0 209.62626101920227 -451.21166923752776 -2.2934345716934956 0 0 0 1
357553.0 220.28693107106986 -451.00252534960185 -2.3660885763071633 0 0 0 1
357554.0 231.3028084695916 -451.00023967162986 -2.455697146579169 0 0 0 1
357555.0 242.61216016842076 -451.11758040992726 -2.502266957460094 0 0 0 1
357556.0 254.18095154795085 -451.27625597432655 -2.5828033328063498 0 0 0 1
357557.0 265.6582485481507 -451.40375182867893 -2.6583246627039756 0 0 0 1
357558.0 276.86540397151776 -451.3796160233072 -2.7018477577905315 0 0 0 1
357559.0 288.24889213044577 -451.2662286766357 -2.7683493893407984 0 0 0 1
357560.0 299.97822124065704 -451.12231769746046 -2.848816451146945 0 0 0 1
357561.0 311.9918193732757 -450.9967072523275 -2.902246600630207 0 0 0 1
357562.0 324.1346672425215 -450.8812568336107 -2.8846467144971655 0 0 0 1
357563.0 336.36722427518424 -450.74375517572935 -2.894020418693856 0 0 0 1
357564.0 348.6779053146044 -450.6533343159381 -2.871362950500526 0 0 0 1
357565.0 360.98883325196925 -450.52128404905017 -2.7346845468590857 0 0 0 1
357566.0 373.0419098020059 -450.4985247353088 -2.896989715116007 0 0 0 1
357567.0 384.90593685686775 -450.4709561972637 -2.7052838107927926 0 0 0 1
357568.0 396.4511138071014 -450.45003616451913 -2.638575187037361 0 0 0 1
357569.0 407.7002256798334 -450.4028830669084 -2.583866437639699 0 0 0 1
357570.0 418.6327278323748 -450.3382918434408 -2.502159873014449 0 0 0 1
357571.0 429.23352021932476 -450.2418695100695 -2.5564591609671083 0 0 0 1
357572.0 439.76239696104386 -449.91663686922885 -2.5787618631887597 0 0 0 1
357573.0 450.27655126556635 -449.19424053125175 -2.515076101148054 0 0 0 1
357574.0 460.5037055727355 -448.09502054486734 -2.4624201269798505 0 0 0 1
357575.0 470.3685275687525 -446.9115547632562 -2.3727802369072037 0 0 0 1
357576.0 479.7101125080454 -445.75325663301345 -2.316162588535377 0 0 0 1
357577.0 488.4981955548531 -444.93421375196397 -2.2695499465700095 0 0 0 1
357578.0 496.9714006720819 -444.43323737200075 -2.1959275490702623 0 0 0 1
357579.0 505.09747149536224 -443.96904950156636 -2.1543188638790127 0 0 0 1
357580.0 512.7849365019863 -443.20242666022585 -2.173756177376873 0 0 0 1
357581.0 519.9521221956171 -441.89980618042836 -2.06726383291911 0 0 0 1
357582.0 526.5601307456168 -439.71629125250354 -2.0448702511643546 0 0 0 1
357583.0 532.6257465739972 -436.6824488350968 -1.9515727770570663 0 0 0 1
357584.0 538.0560020596215 -432.8071079496374 -1.910379031313056 0 0 0 1
357585.0 542.6224555826105 -427.8698677752309 -1.8583234028140794 0 0 0 1
357586.0 545.77719589556 -421.9304177704068 -1.8324484524675029 0 0 0 1
357587.0 547.5681873307507 -415.41326910086684 -1.822721737615666 0 0 0 1
357588.0 548.7392858621506 -408.2021585860449 -1.7680858598497764 0 0 0 1
357589.0 549.3939863359562 -400.30045584590823 -1.7245296484761923 0 0 0 1
357590.0 549.6662935977503 -391.613397758314 -1.6720449183329436 0 0 0 1
357591.0 549.6831187978455 -382.0507743465266 -1.5996229311793115 0 0 0 1
357592.0 549.6762491809325 -371.727723977431 -1.5582329958010348 0 0 0 1
357593.0 549.7538699934139 -361.42668670263276 -1.434817806692763 0 0 0 1
357594.0 549.83722393934 -351.002606768311 -1.39139226663778 0 0 0 1
357595.0 549.9452352021399 -340.3665416350898 -1.3309588747250132 0 0 0 1
357596.0 549.9693488055359 -329.5447781408012 -1.2355246141291047 0 0 0 1
357597.0 549.9117893430623 -318.8169129838832 -1.2170743884683475 0 0 0 1
357598.0 549.8609807768426 -308.05391297108014 -1.0816072466497246 0 0 0 1
357599.0 549.8449523565466 -297.2148282416064 -1.0111224907301164 0 0 0 1
357600.0 549.8292804631259 -286.31176828213296 -0.9836221679314292 0 0 0 1
357601.0 549.7867350818169 -275.581844883565 -0.8970980772644452 0 0 0 1
357602.0 549.5448050941836 -265.1937001075994 -0.8295590164858595 0 0 0 1
357603.0 549.1942025174808 -255.15374411347693 -0.728998529882972 0 0 0 1
357604.0 548.9169038818936 -245.4719455614465 -0.7164021377382426 0 0 0 1
357605.0 548.7464854025317 -236.0783093197883 -0.6517711656064478 0 0 0 1
357606.0 548.6066165823895 -226.6516177222742 -0.5881249022692714 0 0 0 1
357607.0 548.4568977554244 -216.91398156078108 -0.565476140185524 0 0 0 1
357608.0 548.2654974661322 -207.35885760582414 -0.5548101912590653 0 0 0 1
357609.0 547.9405931240797 -197.79193232968225 -0.5131418196545781 0 0 0 1
357610.0 547.463298541662 -188.07671608873648 -0.519476600319166 0 0 0 1
357611.0 546.7885604430483 -178.65196951102084 -0.3628054336935236 0 0 0 1
357612.0 545.9856391097106 -169.28116829345663 -0.2881298756032322 0 0 0 1
357613.0 545.0923054594323 -159.44235030960746 -0.2654599223452294 0 0 0 1
357614.0 544.1481679831082 -149.53726730780528 -0.19178058541751852 0 0 0 1
357615.0 543.3113960094404 -139.86435333989095 -0.20007147428728445 0 0 0 1
357616.0 542.6864609097847 -130.49976751711495 -0.1133232048871946 0 0 0 1
357617.0 542.0814040402918 -121.42243564422235 -0.03455398328677006 0 0 0 1
357618.0 541.3091843719737 -112.67948396997107 -0.003780150052790532 0 0 0 1
357619.0 540.441854746837 -104.34868739931488 0.05600438274839803 0 0 0 1
357620.0 539.814828799881 -96.5966038520209 0.09782905305564782 0 0 0 1
357621.0 539.3322110073449 -89.31891382521663 0.10868207936016461 0 0 0 1
357622.0 538.8031105348372 -82.4532055178673 0.19954480427341537 0 0 0 1
357623.0 537.6595118004943 -75.96410633979474 0.21036738359339324 0 0 0 1
357624.0 535.6766963065616 -70.17920484233505 0.2031336367932397 0 0 0 1
357625.0 532.7493758711348 -65.2622947681946 0.22083527891768995 0 0 0 1
357626.0 528.9837175373389 -61.08563105009907 0.2924792243331069 0 0 0 1
357627.0 523.975902571774 -57.44393505074393 0.36603033770953175 0 0 0 1
357628.0 518.0243893726356 -54.95021630965462 0.3475202221260929 0 0 0 1
357629.0 511.83657800967075 -53.302072391731514 0.23200461484177026 0 0 0 1
357630.0 505.3962766152302 -52.089737263529855 0.20347890666940316 0 0 0 1
357631.0 499.04151979066984 -51.12576293269811 0.13496866469284896 0 0 0 1
357632.0 492.66734104099385 -50.298578032943865 0.06346449543366361 0 0 0 1
357633.0 486.2587674500366 -49.587823042897114 0.07496510120176936 0 0 0 1
357634.0 479.8301330033869 -49.10444706215071 0.036472481693266445 0 0 0 1
357635.0 472.9793291724682 -48.7925696225893 0.017956262042986282 0 0 0 1
357636.0 465.51123209029413 -48.52630119850643 -0.015597475917218162 0 0 0 1
357637.0 457.9886897816652 -48.368013128841355 -0.021145531471461254 0 0 0 1
357638.0 450.7003763321568 -48.29446451049428 -0.053667418653873256 0 0 0 1
357639.0 443.5675204657815 -48.344299503529626 -0.04416915302201119 0 0 0 1
357640.0 436.2666056141944 -48.46040792327619 0.047326078932144355 0 0 0 1
357641.0 428.979270592554 -48.68090682939426 -0.005168582271892319 0 0 0 1
357642.0 421.8911829827274 -48.83627437021829 -0.024642141286221886 0 0 0 1
357643.0 415.00717400140024 -48.9422213266443 0.026905161840346636 0 0 0 1
357644.0 408.3203151426652 -49.01330646031833 0.14947233301222695 0 0 0 1
357645.0 401.7469041353211 -49.08591992236367 0.0370537280527401 0 0 0 1
357646.0 394.80814366220693 -49.08250359289909 0.04561862251904358 0 0 0 1
357647.0 386.99534430216704 -49.09739513919881 0.09113792657876729 0 0 0 1
357648.0 378.6696598299766 -49.111780117926926 0.1266362395622309 0 0 0 1
357649.0 370.298745847797 -49.17876376231178 0.14114323327214606 0 0 0 1
357650.0 361.46699723510153 -49.24169720494435 0.11963498788841775 0 0 0 1
357651.0 352.1867694564373 -49.29113940864116 0.158114034342816 0 0 0 1
357652.0 342.4957827940515 -49.354038340970085 0.1625845844320395 0 0 0 1
357653.0 332.31730751674075 -49.387783187080124 0.18504417007963525 0 0 0 1
357654.0 321.8303529109332 -49.381415815994416 0.17650412080519118 0 0 0 1
357655.0 311.5227823937206 -49.40787252028784 0.16499043088714416 0 0 0 1
357656.0 301.27305984563424 -49.464733931777175 0.14049645073981765 0 0 0 1
357657.0 290.83454214964956 -49.54551883554119 0.10701054776787089 0 0 0 1
357658.0 280.5951409086523 -49.605184688314694 0.08155042787063849 0 0 0 1
357659.0 270.77796429687896 -49.56095748255859 0.031123994783584408 0 0 0 1
357660.0 261.9617817901596 -49.514151840644075 -0.015246083870792404 0 0 0 1
357661.0 254.21196648803004 -49.50784883519364 -0.01656102159209638 0 0 0 1
357662.0 246.8126258662588 -49.5304605485877 -0.005852669993856807 0 0 0 1
357663.0 239.69392084493532 -49.59422296627009 -0.0641247962955589 0 0 0 1
357664.0 232.78314410069356 -49.65800331235658 -0.06938132726028812 0 0 0 1
357665.0 225.52102899572583 -49.84935026113162 -0.09264182785763353 0 0 0 1
357666.0 218.21212157033486 -50.57209454897669 -0.10089143823454094 0 0 0 1
357667.0 211.14268625959204 -51.606447570411774 -0.12112209061834278 0 0 0 1
357668.0 203.88860202354346 -52.50193463632018 -0.17735178037789012 0 0 0 1
357669.0 195.72211752933936 -53.116942342176046 -0.08760357972911947 0 0 0 1
357670.0 186.582721539715 -53.28821072209742 -0.11787719448055611 0 0 0 1
357671.0 176.38122317647878 -53.17261372810978 -0.1341696284194569 0 0 0 1
357672.0 165.04421147473906 -52.72657938760676 -0.17747802373698107 0 0 0 1
357673.0 152.87381562057305 -52.064225593075435 -0.2537880321483925 0 0 0 1
357674.0 140.78579892270653 -51.42442843675638 -0.26407264514588036 0 0 0 1
357675.0 128.99285039222016 -50.92608154896506 -0.30232707742734277 0 0 0 1
357676.0 117.55042168019034 -50.605352373151256 -0.3235516959201945 0 0 0 1
357677.0 106.47982010945344 -50.496017533423085 -0.3087477905290754 0 0 0 1
357678.0 95.6496656935996 -50.675916739795305 -0.2879186847682078 0 0 0 1
357679.0 85.00557006086632 -51.12684236799203 -0.25506645546691686 0 0 0 1
357680.0 74.30699833353081 -51.76762532571508 -0.19119545878965027 0 0 0 1
357681.0 63.28394904559376 -52.39595512747006 -0.1393097193525641 0 0 0 1
357682.0 52.493419249965406 -52.99164201223895 -0.10540314348864754 0 0 0 1
357683.0 42.3859567483249 -53.38493694404498 -0.09047535704906551 0 0 0 1
357684.0 33.32259014343975 -53.55712945280163 -0.10852792850697845 0 0 0 1
357685.0 24.781321372637084 -53.620633828818285 -0.15556645999897079 0 0 0 1
357686.0 16.513146294518066 -53.56501211077629 -0.27959380380578125 0 0 0 1
357687.0 8.529449736122622 -53.38377032038056 -0.30461106003937877 0 0 0 1
357688.0 0.5481812817918101 -53.24829072779197 -0.367617895532132 0 0 0 1
357689.0 -7.908402064497962 -53.17315480575261 -0.5216136222618664 0 0 0 1
357690.0 -16.821099760967154 -53.08725521999633 -0.6895969870048466 0 0 0 1
357691.0 -26.220984958392453 -53.04751222278283 -0.6555654689007913 0 0 0 1
357692.0 -35.70277286438403 -53.08698128199754 -0.5285189227850733 0 0 0 1
357693.0 -45.32164990405184 -53.1491635897407 -0.3294570551077989 0 0 0 1
357694.0 -55.24136923401292 -53.252183789637414 -0.21437767263619278 0 0 0 1
357695.0 -65.3750275937432 -53.38491066877014 -0.1802803473201493 0 0 0 1
357696.0 -75.76372230550321 -53.49295821741827 -0.2811640255048431 0 0 0 1
357697.0 -86.37201003286054 -53.61623893585897 -0.39502759842402924 0 0 0 1
357698.0 -97.15285322155896 -53.76530765480567 -0.5608705988515581 0 0 0 1
357699.0 -108.0896775028296 -53.94445685704987 -0.7226923895173769 0 0 0 1
357700.0 -119.01426306619318 -54.0894451160368 -0.8704958639478093 0 0 0 1
357701.0 -129.61565731380594 -54.18125514792321 -1.0222876023547798 0 0 0 1
357702.0 -140.1236296738544 -54.225054733872845 -1.1640641119211637 0 0 0 1
357703.0 -150.72430408358485 -54.31190946053286 -1.3178206749885675 0 0 0 1
357704.0 -161.64741698763217 -54.42395718936704 -1.4755511310237779 0 0 0 1
357705.0 -173.00634485109217 -54.545966427520185 -1.607250862778514 0 0 0 1
357706.0 -184.8604668408195 -54.645639990454285 -1.7879160760223982 0 0 0 1
357707.0 -196.97629784351187 -54.713468177472684 -1.957551327210581 0 0 0 1
357708.0 -208.846173680063 -54.747671581204706 -2.1161718473185545 0 0 0 1
357709.0 -220.5145399246272 -54.77309631835395 -2.3137772611500935 0 0 0 1
357710.0 -232.00335504059112 -54.794092329625784 -2.4623678393599704 0 0 0 1
357711.0 -243.3169331717492 -54.821992823416885 -2.6139442910642288 0 0 0 1
357712.0 -254.49394374754877 -54.836648982720874 -2.7965061798588664 0 0 0 1
357713.0 -265.6314985451461 -54.82288636478101 -2.953050295282324 0 0 0 1
357714.0 -276.7260829458411 -54.83717675238804 -3.0855765126401025 0 0 0 1
357715.0 -287.5677402537312 -55.002989678733016 -3.261093503910459 0 0 0 1
357716.0 -297.9793885393409 -55.440317362122585 -3.398609819538649 0 0 0 1
357717.0 -307.93366796114617 -56.13613738880196 -3.5131289610589533 0 0 0 1
357718.0 -317.43053641741255 -56.879736733178774 -3.630654878846684 0 0 0 1
357719.0 -326.45450534575144 -57.53320003274746 -3.7111916431020404 0 0 0 1
357720.0 -335.15794417033914 -57.95901642804071 -3.7917345127421527 0 0 0 1
357721.0 -343.5385380649379 -58.22327168262363 -3.918284375537752 0 0 0 1
357722.0 -351.57773076321286 -58.58225011208613 -3.9448412045152565 0 0 0 1
357723.0 -358.94683623506427 -59.12975458667589 -3.9704239997183493 0 0 0 1
357724.0 -365.53016297336393 -60.32571828077458 -4.086037371073786 0 0 0 1
357725.0 -371.3235013564496 -62.57391871103553 -4.1936796979225335 0 0 0 1
357726.0 -375.93521386023986 -66.03818260972085 -4.320373530023289 0 0 0 1
357727.0 -379.23052543908074 -70.50418297419232 -4.4331298798021805 0 0 0 1
357728.0 -381.4447244052019 -76.24793475788404 -4.546931276489204 0 0 0 1
357729.0 -382.179785496254 -83.13389032926403 -4.641801130429883 0 0 0 1
357730.0 -382.2043473100157 -90.92248689812263 -4.676693471612367 0 0 0 1
357731.0 -382.1403866079767 -99.62646516319353 -4.754567415495188 0 0 0 1
357732.0 -382.15240403175886 -109.28581764409401 -4.827408635240602 0 0 0 1
357733.0 -382.3486091301877 -119.25662703144407 -4.978218343022604 0 0 0 1
357734.0 -382.9106620031956 -129.14827239273023 -5.022992033131061 0 0 0 1
357735.0 -383.8739132623434 -139.31912878224318 -5.1707200217846605 0 0 0 1
357736.0 -385.05907955122933 -149.26169021792515 -5.326423552562147 0 0 0 1
357737.0 -386.228085209381 -159.4313127920523 -5.368106694793255 0 0 0 1
357738.0 -387.20854812818413 -169.97337550947975 -5.446775008855269 0 0 0 1
357739.0 -387.80240751071096 -180.6757959058752 -5.569444841541298 0 0 0 1
357740.0 -387.9811090112999 -191.0707804816387 -5.664131257885913 0 0 0 1
357741.0 -387.92205041423847 -201.38289664525072 -5.7608178816710165 0 0 0 1
357742.0 -388.01339875914186 -211.6953718282727 -5.873478649047797 0 0 0 1
357743.0 -388.6274646022223 -222.0044182085122 -5.93609091469213 0 0 0 1
357744.0 -389.4930907204034 -232.23184747756636 -6.051674023161013 0 0 0 1
357745.0 -390.5256922513135 -242.1224926715605 -6.153243145361472 0 0 0 1
357746.0 -391.5809971183067 -251.70878518116308 -6.270807382542927 0 0 0 1
357747.0 -392.55575931026567 -261.46605074904153 -6.3733550292986365 0 0 0 1
357748.0 -393.2976137553855 -271.6774726985549 -6.433882724298826 0 0 0 1
357749.0 -393.91793481283344 -282.33859072680536 -6.531381663073915 0 0 0 1
357750.0 -394.4748669892494 -293.3432488675895 -6.609850898104241 0 0 0 1
357751.0 -394.95267564432163 -304.5101800657326 -6.726298294673597 0 0 0 1
357752.0 -395.42565515005265 -315.38266483067343 -6.781740974597625 0 0 0 1
357753.0 -395.9462915287829 -326.0222620425174 -6.865174029358798 0 0 0 1
357754.0 -396.4757161901237 -336.4660521284644 -6.9705990838775165 0 0 0 1
357755.0 -397.0307602177112 -346.5677617255309 -7.053023987932164 0 0 0 1
357756.0 -397.61240642863555 -356.33017206221996 -7.214450139830205 0 0 0 1
357757.0 -398.1909336392637 -365.73416873365704 -7.261882050835538 0 0 0 1
357758.0 -398.80096412125954 -374.7891651165578 -7.370318576256892 0 0 0 1
357759.0 -399.3818576699519 -383.33132451569475 -7.266774846115396 0 0 0 1
357760.0 -399.944446676662 -390.75485622464015 -7.311289357059422 0 0 0 1
357761.0 -400.45831007482695 -397.18231955018035 -7.523860310399982 0 0 0 1
357762.0 -400.8645263744813 -403.0542863830528 -7.623466641183882 0 0 0 1
357763.0 -401.1442353014445 -408.42078968897727 -7.405107893372474 0 0 0 1
357764.0 -401.42726242197443 -413.41536831324976 -7.585768510406638 0 0 0 1
357765.0 -401.64354750201494 -417.9046011445243 -7.608462529285617 0 0 0 1
357766.0 -401.86465977023124 -421.9406613094156 -7.632183049243878 0 0 0 1
357767.0 -402.07623897976475 -425.5910062353556 -7.630927339586805 0 0 0 1
357768.0 -402.25296380892377 -428.38509996304083 -7.643729259651479 0 0 0 1
357769.0 -402.37657408110556 -430.0301747852594 -7.629610823375543 0 0 0 1
357770.0 -402.456548083219 -431.22685133427626 -7.664525031581036 0 0 0 1
357771.0 -402.51080552079367 -432.28134181269013 -7.486450272349515 0 0 0 1
357772.0 -402.6244726680931 -433.3582269791483 -7.66537005637602 0 0 0 1
357773.0 -402.6971065320894 -434.26923539716097 -7.6823035427226785 0 0 0 1
357774.0 -402.71099088684525 -434.3997745870256 -7.662293779512652 0 0 0 1
357775.0 -402.7094508998247 -434.39438739773345 -7.674294244008564 0 0 0 1
357776.0 -402.70933010184666 -434.3926117780749 -7.691294371869333 0 0 0 1
357777.0 -402.71167968333293 -434.3902388224761 -7.6792943847297295 0 0 0 1
357778.0 -402.70394010587336 -434.3944437142914 -7.658294590185932 0 0 0 1
357779.0 -402.7080880434915 -434.3888174645407 -7.682294709255871 0 0 0 1
357780.0 -402.711390617013 -434.3950978441593 -7.669294072839961 0 0 0 1
357781.0 -402.7125441071175 -434.3927069255998 -7.6762941623486824 0 0 0 1
357782.0 -402.71166866344936 -434.391756418657 -7.681294281825387 0 0 0 1
357783.0 -402.71204542775104 -434.39104551977357 -7.67829430832154 0 0 0 1
357784.0 -402.70764436987383 -434.3882505284388 -7.678294777347588 0 0 0 1
357785.0 -402.7090961389818 -434.3897963826049 -7.671294579528336 0 0 0 1
357786.0 -402.70951826725764 -434.38736735838415 -7.683294718702001 0 0 0 1
357787.0 -402.7092959577085 -434.390987649111 -7.676294485058776 0 0 0 1
357788.0 -402.711890443898 -434.39343729453753 -7.68329415470356 0 0 0 1
357789.0 -402.7113586699042 -434.387684506475 -7.685294579893252 0 0 0 1
357790.0 -402.7082539539455 -434.3872227009486 -7.675294807165301 0 0 0 1
357791.0 -402.71089308979 -434.3883952647617 -7.686294561188589 0 0 0 1
357792.0 -402.71072727320734 -434.3892121583453 -7.694294515298822 0 0 0 1
357793.0 -402.7086093472831 -434.3871177505422 -7.685294792109914 0 0 0 1
357794.0 -402.70950713764773 -434.39166056221904 -7.685294426469397 0 0 0 1
357795.0 -402.7086530068474 -434.39312949161 -7.6782943811192865 0 0 0 1
357796.0 -402.70824377555005 -434.3882897846371 -7.690294736358965 0 0 0 1
357797.0 -402.7064805688245 -434.390277303093 -7.683294712597757 0 0 0 1
357798.0 -402.7078543201321 -434.39112157326855 -7.669294568242577 0 0 0 1
357799.0 -402.70793330487254 -434.38825128872753 -7.689294758351309 0 0 0 1
357800.0 -402.70549385712263 -434.3883658954761 -7.681294904763945 0 0 0 1
357801.0 -402.71001707156154 -434.3954447660044 -7.687294136845566 0 0 0 1
357802.0 -402.7065248157242 -434.3927071608824 -7.683294544366362 0 0 0 1
357803.0 -402.7093304610795 -434.38839574648796 -7.694294659907342 0 0 0 1
357804.0 -402.7142088992077 -434.3932372653678 -7.706294021604975 0 0 0 1
357805.0 -402.710859585111 -434.39297638835706 -7.685294251688191 0 0 0 1
357806.0 -402.7105837737166 -434.3895777908364 -7.704294500282515 0 0 0 1
357807.0 -402.71149134202005 -434.396693230484 -7.685293957665095 0 0 0 1
357808.0 -402.71343299986756 -434.39327578590144 -7.708294067224472 0 0 0 1
357809.0 -402.70890806748906 -434.3895182616044 -7.677294610333206 0 0 0 1
357810.0 -402.6856577068006 -434.4293325894804 -7.482293373730641 0 0 0 1
357811.0 -402.73497843763914 -435.02549527227575 -7.490249648630851 0 0 0 1
357812.0 -402.9356963374822 -436.8533061314397 -7.671112099071223 0 0 0 1
357813.0 -403.3201128576753 -439.4715765050584 -7.699907988266176 0 0 0 1
357814.0 -404.19287688469797 -442.96454631117103 -7.6976110881358295 0 0 0 1
357815.0 -405.86166056424753 -447.177838624043 -7.758210924930523 0 0 0 1
357816.0 -408.02097762092575 -451.10457092972536 -7.782796309127065 0 0 0 1
357817.0 -410.970221071063 -454.77144026920223 -7.824346000339688 0 0 0 1
357818.0 -414.90324353927565 -457.7952633130527 -7.824874179714328 0 0 0 1
357819.0 -419.709575299986 -459.8451296204267 -7.61041107816925 0 0 0 1
357820.0 -425.7163083798813 -460.9280414928197 -7.810933233761375 0 0 0 1
357821.0 -432.8723012513759 -461.3404288493885 -7.753419803005585 0 0 0 1
357822.0 -440.9958056212552 -461.5146041658909 -7.6678484101812785 0 0 0 1
357823.0 -449.37774330260834 -461.5851342658882 -7.608255837826135 0 0 0 1
357824.0 -457.92124847203706 -461.6638922721165 -7.544639964403018 0 0 0 1
357825.0 -466.80454134544885 -461.7267210963739 -7.470988788954571 0 0 0 1
357826.0 -475.98926659080604 -461.77562889496505 -7.4223036143055765 0 0 0 1
357827.0 -485.4765479073508 -461.8642027787047 -7.334579172829564 0 0 0 1
357828.0 -495.2655169940299 -461.96180155554066 -7.289816389942928 0 0 0 1
357829.0 -505.33326840086374 -461.99012512862464 -7.084021359092276 0 0 0 1
357830.0 -515.813099179695 -462.11138209491094 -7.199170194619882 0 0 0 1
357831.0 -526.5849493989472 -462.2176884905829 -7.052278616807854 0 0 0 1
357832.0 -537.5697462427155 -462.2980672254024 -6.964352629548159 0 0 0 1
357833.0 -548.6317233634434 -462.5762282826459 -6.840386648872084 0 0 0 1
357834.0 -559.701422411119 -463.11797665851634 -6.793381594439808 0 0 0 1
357835.0 -570.579651312252 -463.63015293224555 -6.706376551500995 0 0 0 1
357836.0 -581.1796289974012 -464.1034654328434 -6.705381130288345 0 0 0 1
357837.0 -591.5673273223973 -464.55762518459926 -6.661389151028857 0 0 0 1
357838.0 -601.5839337765121 -464.93447522695965 -6.50142093915855 0 0 0 1
357839.0 -611.3740324276381 -465.18363302868255 -6.434468020989641 0 0 0 1
357840.0 -620.8890660591642 -465.3339014030844 -6.352534107384997 0 0 0 1
357841.0 -630.1178419623459 -465.42708229975585 -6.316618503776397 0 0 0 1
357842.0 -639.0952069512928 -465.46885724036747 -6.249718536970761 0 0 0 1
357843.0 -648.0794679119099 -465.4910395102416 -6.1818066091898345 0 0 0 1
357844.0 -657.4668670224523 -465.4854561183131 -6.148842282008786 0 0 0 1
357845.0 -667.1654522896017 -465.42169349832335 -5.991835644760101 0 0 0 1
357846.0 -677.1432092227409 -465.4191823462021 -5.991779978962654 0 0 0 1
357847.0 -687.3614259762819 -465.4179824491722 -5.919682527326074 0 0 0 1
357848.0 -697.5280114699892 -465.4939329216379 -5.84956868132565 0 0 0 1
357849.0 -707.4831486572275 -465.59349979610874 -5.757460396198439 0 0 0 1
357850.0 -717.1676670904293 -465.6710339054629 -5.688368673814921 0 0 0 1
357851.0 -726.5581237302893 -465.7085854103345 -5.6692987458470725 0 0 0 1
357852.0 -735.6896384906313 -465.7495422914362 -5.612244682552671 0 0 0 1
357853.0 -744.6129818992105 -465.76983238951397 -5.5732034041860175 0 0 0 1
357854.0 -753.3981731418694 -465.7693335061386 -5.5481674980844105 0 0 0 1
357855.0 -762.6012410328623 -465.77678534770706 -5.516068702793518 0 0 0 1
357856.0 -772.3580612861317 -465.7758265720344 -5.32988987580859 0 0 0 1
357857.0 -782.3410073785246 -465.82710758116013 -5.285664404005956 0 0 0 1
357858.0 -792.3992833268697 -465.9570582270961 -5.182408102452143 0 0 0 1
357859.0 -802.8631197588427 -466.1313811083033 -5.091081382088362 0 0 0 1
357860.0 -813.5568110373058 -466.3204365595009 -4.980706907167814 0 0 0 1
357861.0 -824.2414714891596 -466.4934163118809 -4.9023167700452746 0 0 0 1
357862.0 -834.9804047055142 -466.5511643552086 -4.838909943547947 0 0 0 1
357863.0 -845.758612546282 -466.55264772427495 -4.735483843101804 0 0 0 1
357864.0 -856.6165875298527 -466.5929013666944 -4.670025861609361 0 0 0 1
357865.0 -867.5463197016234 -466.7004289054972 -4.607534603722172 0 0 0 1
357866.0 -878.5514975256856 -466.8306914892554 -4.511012437790839 0 0 0 1
357867.0 -889.6498353397108 -466.95430446769916 -4.4434586411695705 0 0 0 1
357868.0 -900.8230811415721 -466.9845619419626 -4.346881655894151 0 0 0 1
357869.0 -912.023978023042 -466.97597061977353 -4.259283888823688 0 0 0 1
357870.0 -923.2394582894859 -466.953158001553 -4.206665291972797 0 0 0 1
357871.0 -934.4527673915168 -466.96915394913185 -4.104024369094134 0 0 0 1
357872.0 -945.6688312606711 -466.97817984747473 -4.0393637541369 0 0 0 1
357873.0 -956.7846195573167 -467.025447144547 -3.9736956388707085 0 0 0 1
357874.0 -967.6472335456097 -467.1989727652883 -3.86003740519908 0 0 0 1
357875.0 -978.2271297765726 -467.576599532214 -3.7993891931921553 0 0 0 1
357876.0 -988.4720647754743 -468.12722658247935 -3.6717627848245797 0 0 0 1
357877.0 -998.4496493868617 -468.72889898745814 -3.6381580895117054 0 0 0 1
357878.0 -1008.11564239841 -469.34557799089794 -3.566586019674901 0 0 0 1
357879.0 -1017.5061989191065 -469.8480186654041 -3.5140517215889986 0 0 0 1
357880.0 -1026.614658253185 -470.3026149781265 -3.4415526239835685 0 0 0 1
357881.0 -1035.5023677270115 -470.7108377022029 -3.3320798441397415 0 0 0 1
357882.0 -1044.2062096440138 -471.2046069456094 -3.2826185180529137 0 0 0 1
357883.0 -1052.7004801174946 -471.87195268590244 -3.2091671340363632 0 0 0 1
357884.0 -1060.9649040090346 -472.54961515422093 -3.143741953944584 0 0 0 1
357885.0 -1068.6112386930276 -473.0841392842843 -3.05842057197259 0 0 0 1
357886.0 -1075.1812953586764 -473.4866695200492 -3.008282006903073 0 0 0 1
357887.0 -1081.3483915316426 -474.07783161112474 -2.98019122950069 0 0 0 1
357888.0 -1087.1196097526895 -475.43266956668924 -2.9181053450242302 0 0 0 1
357889.0 -1092.355993389501 -477.68815792552755 -2.9000385984897434 0 0 0 1
357890.0 -1096.8520262954169 -480.7560946707731 -2.88903349282441 0 0 0 1
357891.0 -1100.5028981349278 -484.43234010913693 -2.948124084907022 0 0 0 1
357892.0 -1103.527375646273 -488.94394422592427 -2.98025538820292 0 0 0 1
357893.0 -1105.9919107643411 -494.62414188922264 -3.027389148739246 0 0 0 1
357894.0 -1107.7297482782103 -500.9615571711082 -3.0985921293627143 0 0 0 1
357895.0 -1108.9932397086134 -507.915332120891 -3.187822168941466 0 0 0 1
357896.0 -1109.9801335478599 -515.5863694786482 -3.2400348340179335 0 0 0 1
357897.0 -1110.491687318277 -524.0285767073897 -3.3262579904400127 0 0 0 1
357898.0 -1110.532282338302 -533.1449487312193 -3.379496027913092 0 0 0 1
357899.0 -1110.3930570942418 -542.575243218111 -3.4137258120896377 0 0 0 1
357900.0 -1110.3962967314706 -551.7650047425043 -3.4769375542365992 0 0 0 1
357901.0 -1110.5207880013807 -561.1254585449335 -3.5280998648453874 0 0 0 1
357902.0 -1110.6389884162845 -571.0446326882352 -3.574199594068773 0 0 0 1
357903.0 -1110.7151212906767 -580.7746783932007 -3.637308474418944 0 0 0 1
357904.0 -1110.7661890197498 -590.3463498098113 -3.7034215540263062 0 0 0 1
357905.0 -1110.763198219572 -599.8956068690644 -3.7305318413380064 0 0 0 1
357906.0 -1110.6416887501541 -609.4624693485121 -3.8246468878951987 0 0 0 1
357907.0 -1110.2446794010566 -618.8247258300496 -3.8348155923014247 0 0 0 1
357908.0 -1109.6552219329042 -627.8647618958155 -3.8810358635644207 0 0 0 1
357909.0 -1108.9131248585982 -636.9105036135568 -3.9332693616236725 0 0 0 1
357910.0 -1108.0003095253942 -646.0760440228798 -3.982507613344467 0 0 0 1
357911.0 -1107.0443037707144 -655.0893183237961 -3.964755727113868 0 0 0 1
357912.0 -1106.1002860853168 -664.3316459139642 -4.029965052075511 0 0 0 1
357913.0 -1105.3158185744546 -673.6277207082671 -4.094127421049052 0 0 0 1
357914.0 -1104.851765098475 -682.6277335693089 -4.125252096788131 0 0 0 1
357915.0 -1104.6582543018333 -691.2605747252 -4.1843567755923345 0 0 0 1
357916.0 -1104.2345372049085 -699.433296670828 -4.2785402302321245 0 0 0 1
357917.0 -1103.0311398487784 -706.8457428186407 -4.3259328643413255 0 0 0 1
357918.0 -1100.7048664082033 -713.0312905707663 -4.432648503469295 0 0 0 1
357919.0 -1097.3202027892657 -718.0772280480758 -4.482668520547975 0 0 0 1
357920.0 -1093.2015901322095 -722.1168044536217 -4.562923024629185 0 0 0 1
357921.0 -1088.1293800338003 -725.5133451652263 -4.6774088485477705 0 0 0 1
357922.0 -1081.870210524896 -728.2916197151203 -4.700161657217848 0 0 0 1
357923.0 -1074.6210721172724 -730.6162160186559 -4.7721265953028364 0 0 0 1
357924.0 -1066.6207646409687 -732.2195516510164 -4.88829136459259 0 0 0 1
357925.0 -1058.2351084634718 -733.1508829782344 -5.0175870830544795 0 0 0 1
357926.0 -1049.3718276008344 -733.6974188815619 -5.10199475617344 0 0 0 1
357927.0 -1039.853251200507 -734.0732900364953 -5.261516955055072 0 0 0 1
357928.0 -1029.717680546657 -734.4097669691847 -5.410129452620595 0 0 0 1
357929.0 -1019.117629272345 -734.7468196029074 -5.581800233296747 0 0 0 1
357930.0 -1008.1571275281776 -735.0301847473374 -5.745516708711875 0 0 0 1
357931.0 -997.1736911289668 -735.2185740647664 -5.888228797291276 0 0 0 1
357932.0 -986.5389123851542 -735.2984878655299 -5.994880241439887 0 0 0 1
357933.0 -976.1241950022504 -735.3411990676243 -6.108484349995933 0 0 0 1
357934.0 -965.5575924922589 -735.408243560548 -6.269091670069088 0 0 0 1
357935.0 -954.7467357625835 -735.4625883811964 -6.387719593345935 0 0 0 1
357936.0 -943.7563278231182 -735.449451635825 -6.619363569861832 0 0 0 1
357937.0 -932.6812888231271 -735.4089649124609 -6.76900410913106 0 0 0 1
357938.0 -921.4977782558575 -735.360878994536 -6.881641949970231 0 0 0 1
357939.0 -910.4385551336683 -735.3703004562772 -6.959235660765557 0 0 0 1
357940.0 -899.6446875824294 -735.3495503222534 -7.100776014164808 0 0 0 1
357941.0 -889.1121244484868 -735.379087520145 -7.234255661874499 0 0 0 1
357942.0 -878.8124046067607 -735.4395141051107 -7.406682075695642 0 0 0 1
357943.0 -868.7244820029202 -735.4990992330354 -7.488062919855224 0 0 0 1
357944.0 -858.8336688226174 -735.5565167458403 -7.647401344565935 0 0 0 1
357945.0 -849.0172887300905 -735.5466856655521 -7.7867221678491205 0 0 0 1
357946.0 -839.2837742564915 -735.5237857508125 -7.9030183773503495 0 0 0 1
357947.0 -829.6634593479579 -735.4722608586173 -8.006288181581397 0 0 0 1
357948.0 -820.1938267971793 -735.4307749066029 -8.122522804982111 0 0 0 1
357949.0 -811.0480555038389 -735.4021666712472 -8.280700482366512 0 0 0 1
357950.0 -802.2215914211157 -735.3826622393194 -8.3228236219785 0 0 0 1
357951.0 -793.7286599937717 -735.332423117911 -8.416896366144556 0 0 0 1
357952.0 -785.6332854937513 -735.2716644263962 -8.503909806745924 0 0 0 1
357953.0 -777.9917834802797 -735.3767280332418 -8.576838255558869 0 0 0 1
357954.0 -770.7355953491651 -735.8919504645728 -8.660663496042275 0 0 0 1
357955.0 -763.880421397092 -737.1036227396617 -8.753351813212078 0 0 0 1
357956.0 -757.0021907556154 -739.3382818744869 -8.89491685296474 0 0 0 1
357957.0 -750.4822764624778 -742.7594404804395 -9.009293394191218 0 0 0 1
357958.0 -745.1172638967503 -747.4282372960039 -9.10638007892419 0 0 0 1
357959.0 -741.4539724748779 -753.3867522780064 -9.21610832236388 0 0 0 1
357960.0 -739.763115136629 -760.6476105979486 -9.287444432037603 0 0 0 1
357961.0 -739.1292578713346 -768.6337177858422 -9.355561641117447 0 0 0 1
357962.0 -738.7573371722387 -777.1196847176801 -9.547577504360333 0 0 0 1
357963.0 -738.3853053748456 -786.3232800000912 -9.669493723915195 0 0 0 1
357964.0 -737.9554273278009 -796.3964570054688 -9.842294946931474 0 0 0 1
357965.0 -737.415796266966 -807.409290111562 -10.02097421165962 0 0 0 1
357966.0 -736.7824357732204 -818.7902434080979 -10.181598095981599 0 0 0 1
357967.0 -736.1573727664367 -830.4666979878964 -10.49316223397716 0 0 0 1
357968.0 -735.5571904654774 -842.6022411825693 -10.677641489386701 0 0 0 1
357969.0 -734.9289956569603 -855.2772777191863 -10.885028601840247 0 0 0 1
357970.0 -734.2797379321707 -868.4419184140111 -11.085326331696251 0 0 0 1
357971.0 -733.6301670866985 -881.6092216812613 -11.306596516145532 0 0 0 1
357972.0 -732.9468569477417 -894.5119289049769 -11.535880448972875 0 0 0 1
357973.0 -732.2637282483317 -907.6848353413782 -11.745099795524936 0 0 0 1
357974.0 -731.5603085453183 -921.123612687556 -11.970255863635941 0 0 0 1
357975.0 -730.8613305035541 -934.3665396394938 -12.160411722684671 0 0 0 1
357976.0 -730.1351519314454 -947.3350740053306 -12.22758388270455 0 0 0 1
357977.0 -729.3796977019015 -959.9799870770971 -12.203781648110464 0 0 0 1
357978.0 -728.5975712156267 -972.3623611496056 -12.013997327533616 0 0 0 1
357979.0 -727.8405287083162 -984.4485928787225 -11.776231694424155 0 0 0 1
357980.0 -727.1586065175518 -996.0979744546994 -11.508502667717607 0 0 0 1
357981.0 -726.5610442244894 -1007.2435561000847 -11.283822175522914 0 0 0 1
357982.0 -725.9919488375443 -1017.8771356785492 -11.011200567282515 0 0 0 1
357983.0 -725.3696220638396 -1028.002650200763 -10.73364911482912 0 0 0 1
357984.0 -724.6860218608813 -1037.7361472093814 -10.495152270495396 0 0 0 1
357985.0 -723.9895352985229 -1046.969806018376 -10.260723977856344 0 0 0 1
357986.0 -723.2469134131048 -1055.8613305132144 -10.040344101031224 0 0 0 1
357987.0 -722.4333508914909 -1064.496757774155 -9.85000253554773 0 0 0 1
357988.0 -721.4564964089656 -1072.5392523814141 -9.645767381598148 0 0 0 1
357989.0 -720.8151452990915 -1079.7301957144457 -9.480627967557666 0 0 0 1
357990.0 -720.574051452664 -1086.531061385823 -9.35750140083104 0 0 0 1
357991.0 -720.6485919327694 -1093.2087033447558 -9.285352883779296 0 0 0 1
357992.0 -720.8382669370231 -1099.7895343225998 -9.213200992325312 0 0 0 1
357993.0 -721.1739955746026 -1106.513317173015 -9.160000954694112 0 0 0 1
357994.0 -721.6262985465643 -1113.3926504441629 -9.126753446984708 0 0 0 1
357995.0 -721.8052412273511 -1120.2022520394444 -9.068541800195874 0 0 0 1
357996.0 -721.654679442333 -1127.2314840874449 -9.015321547654025 0 0 0 1
357997.0 -721.2844754323639 -1134.4051687120786 -8.993092832368575 0 0 0 1
357998.0 -720.9114387262366 -1141.4560549839691 -8.945878312331558 0 0 0 1
357999.0 -720.5181005829365 -1148.3067570412907 -8.922694299088164 0 0 0 1
