0.0 4.089862628858217 -4.131894855368047 -12.179683766780627 0 0 0 1
1.0 7.054914417752584 -1.0119040569787237 -5.871326697073547 0 0 0 1
2.0 -3.6794648375718624 -1.5508232602928673 0.659850928465556 0 0 0 1
3.0 8.19523932876931 3.0120151445642334 -12.375455509807441 0 0 0 1
4.0 9.793282516377246 -1.2251937672550817 11.034812395402767 0 0 0 1
5.0 15.870612038856247 3.4523482367559515 -0.9753825569042274 0 0 0 1
6.0 21.239701012178074 5.602281274165418 6.535285833255507 0 0 0 1
7.0 29.324854202923035 -7.700310719746708 3.7482952467979427 0 0 0 1
8.0 41.957062288841456 -7.428227222390426 3.8736218465642196 0 0 0 1
9.0 37.90308315665953 1.919512948046619 -2.046037989498057 0 0 0 1
10.0 46.23716840360256 3.8648073784107524 -4.90314088025303 0 0 0 1
11.0 61.099576619004026 1.0226271007864796 -2.881473082076564 0 0 0 1
12.0 64.85876382423247 13.517167286657365 6.843913551788077 0 0 0 1
13.0 82.99500594299116 -1.0114984439165333 3.7299770390885243 0 0 0 1
14.0 94.8576695033531 1.7522342395059134 8.644637291585845 0 0 0 1
15.0 111.22550309467675 -9.39319581643943 10.064324768925111 0 0 0 1
16.0 125.19381262283947 5.908499891679817 -8.210408496150684 0 0 0 1
17.0 137.4690086550432 4.483959238487692 -12.50968699301751 0 0 0 1
18.0 160.02555922732287 7.27176317379228 6.539437844294696 0 0 0 1
19.0 182.12491145128575 -7.094069790804468 7.651073101151553 0 0 0 1
20.0 197.16136812541674 5.512068763243356 -10.032644500897192 0 0 0 1
21.0 215.84636991725577 -0.5508783508005806 -2.074666231796755 0 0 0 1
22.0 243.86958751686382 0.8238774553158166 -3.8710289254974413 0 0 0 1
23.0 239.72223645933755 32.424497330525625 3.099056626694349 0 0 0 1
24.0 220.2347766563126 40.14583161192212 6.5098915517342135 0 0 0 1
25.0 213.67106749572307 61.82637132255789 -5.411989500378397 0 0 0 1
26.0 184.59806039361877 65.18654158058801 0.020824755025088848 0 0 0 1
27.0 169.2050407941223 75.80865100474242 1.203208980927073 0 0 0 1
28.0 153.66418667349453 71.89884643649489 -8.334137592834459 0 0 0 1
29.0 125.13497247730479 76.7830407860761 5.142807468018852 0 0 0 1
30.0 105.95612226458545 75.23490172908348 11.581387043698186 0 0 0 1
31.0 90.03509354085475 76.50619598998031 4.188812314576168 0 0 0 1
32.0 79.54620637206803 64.09547359463131 0.5636500076916349 0 0 0 1
33.0 45.44883800046568 78.31507786041931 -11.897758785807952 0 0 0 1
34.0 28.33248202523512 74.6011098391865 -12.269682691631747 0 0 0 1
35.0 9.685566876456907 69.20624911157492 -10.649873841183766 0 0 0 1
36.0 -4.37305681266285 77.91114626050239 4.770475297784424 0 0 0 1
37.0 -23.272561690216833 74.15278038604472 2.1230775277395466 0 0 0 1
38.0 -55.6649682971168 82.77371176821032 -5.259698186026977 0 0 0 1
39.0 -66.72455860568648 78.23332826081504 -5.225556933511687 0 0 0 1
40.0 -85.27030629697052 80.2456939628249 7.472359772084779 0 0 0 1
41.0 -112.63325198755533 64.6271705421034 -7.916864863807788 0 0 0 1
42.0 -130.86934893376076 71.76412877088508 4.103173162040207 0 0 0 1
43.0 -149.05762069919388 79.44035654674788 -1.5004989451362434 0 0 0 1
44.0 -172.4557062823563 77.35423401547537 10.928771131292052 0 0 0 1
45.0 -188.3794466195836 68.76757582673808 2.8837013841451693 0 0 0 1
46.0 -207.54339417862457 77.26739500645559 -3.087402036430049 0 0 0 1
47.0 -219.2444469505733 63.34481800894143 -9.265020207328718 0 0 0 1
48.0 -246.20392119353684 72.5404548461241 2.1041395303749084 0 0 0 1
49.0 -271.93760942017525 74.8254880719924 -3.7268148997928137 0 0 0 1
50.0 -290.69671713101235 76.2544223526292 -12.585404716130384 0 0 0 1
51.0 -310.189551313728 75.47184639184474 -6.1187632067072 0 0 0 1
52.0 -324.52720876050125 86.8464706210699 -3.993007035761366 0 0 0 1
53.0 -333.7828426355902 69.925182417574 1.7487947751836543 0 0 0 1
54.0 -364.91614993437304 76.44652051113704 2.3734129881478907 0 0 0 1
55.0 -384.7536097915557 80.08550066504299 4.975983638976402 0 0 0 1
56.0 -404.9411760054002 77.76306768192306 -8.862579341197943 0 0 0 1
57.0 -423.84849791083616 72.09175164222502 -6.427688229850759 0 0 0 1
58.0 -449.4477253935281 78.2563539526919 0.45340203684924063 0 0 0 1
59.0 -458.1190660749096 66.32907220868229 -2.600690067154062 0 0 0 1
60.0 -486.285289568201 77.72506236509383 -1.7121361662040044 0 0 0 1
61.0 -510.0876621222664 72.77262299724995 8.856250559941117 0 0 0 1
62.0 -528.9116252226097 81.77489326066527 -12.050075894935986 0 0 0 1
63.0 -546.3061151372865 84.1537530695866 -8.010509083089374 0 0 0 1
64.0 -563.9220738392689 82.11949486920598 5.202381276538688 0 0 0 1
65.0 -580.3748766714564 82.57889905805527 4.181638302390212 0 0 0 1
66.0 -607.752649347393 74.93133318636066 -1.4237933985866107 0 0 0 1
67.0 -631.1024394865273 75.6818057083067 4.794031294944091 0 0 0 1
68.0 -640.8345723399343 77.12613950234623 3.860581316707055 0 0 0 1
69.0 -663.8282329852426 67.00240439956859 -1.9640152428188458 0 0 0 1
70.0 -691.357989188723 71.82171666163512 1.6114897616055828 0 0 0 1
71.0 -710.9424966308856 67.114924926674 -6.553982707335422 0 0 0 1
72.0 -720.2842113179767 87.93507829282235 -3.1281953737982917 0 0 0 1
73.0 -718.7805344667319 111.14131812214134 -6.991586703214693 0 0 0 1
74.0 -713.2107176458615 124.15498025909903 12.920789019847746 0 0 0 1
75.0 -695.3079871256448 136.73847791527427 6.583508654491311 0 0 0 1
76.0 -665.2822991916023 137.53456299603792 9.725822571965125 0 0 0 1
77.0 -654.1529838726168 145.56905283050375 -8.409870554671556 0 0 0 1
78.0 -641.7836699533967 144.72929396431772 3.5928596872200274 0 0 0 1
79.0 -616.9651970930913 145.25805981457898 -12.883109283413376 0 0 0 1
80.0 -597.4902223248891 142.01076387871746 7.880442493616783 0 0 0 1
81.0 -584.6274606864622 156.21284499359274 -5.7413021929160095 0 0 0 1
82.0 -562.6771613113581 143.9426493154632 -11.631117850151071 0 0 0 1
83.0 -539.6301687311192 153.04579244590388 -1.5365190372391169 0 0 0 1
84.0 -529.0850778298594 155.66632927337582 5.835663149037686 0 0 0 1
85.0 -506.271731532958 159.17196893114928 1.0686339918990484 0 0 0 1
86.0 -470.1053586769889 146.59284705309187 -0.03248460636547179 0 0 0 1
87.0 -449.32400813340143 148.04498164528985 14.481957711717627 0 0 0 1
88.0 -441.1859963629869 146.94275324116853 7.327932160858182 0 0 0 1
89.0 -422.36138427383275 146.0576536223311 -0.31893559171041375 0 0 0 1
90.0 -404.0048059280265 150.65188177402175 16.753541446820634 0 0 0 1
91.0 -387.6987646438113 155.1786294735826 -21.627506252347217 0 0 0 1
92.0 -357.604412210365 148.7364374518999 -5.619333705739024 0 0 0 1
93.0 -347.01920135369966 157.09779313259398 -0.7939625888340629 0 0 0 1
94.0 -315.4538140236484 153.9178875697283 10.858606020633772 0 0 0 1
95.0 -298.7695281610342 149.98469777557057 -0.02393430293466281 0 0 0 1
96.0 -279.11297460350556 160.71557493240027 -0.17078048542690283 0 0 0 1
97.0 -258.85880622105265 154.56532824068563 -3.855058848145319 0 0 0 1
98.0 -237.501794272977 149.85853830518957 -0.6626050823627025 0 0 0 1
99.0 -231.33309180636684 144.3742684413991 3.9286683659785524 0 0 0 1
100.0 -206.20167169205814 152.71696669705562 -1.3234043834698639 0 0 0 1
101.0 -183.19681121203104 142.30172366039875 1.7122071647276016 0 0 0 1
102.0 -162.2954222547928 148.90435933262134 5.539503344753371 0 0 0 1
103.0 -138.7222149093953 146.76131157845504 2.0329328387780663 0 0 0 1
104.0 -122.8557943470633 153.86552275892666 -8.170773907441067 0 0 0 1
105.0 -107.70193579474842 157.6538926944643 6.60871546567828 0 0 0 1
106.0 -76.52385822913635 147.9048624976866 -2.932611740007914 0 0 0 1
107.0 -64.34090964782668 139.9227802978389 -19.660774746926187 0 0 0 1
108.0 -32.115322597914755 154.292516927854 -2.456354419458263 0 0 0 1
109.0 -22.411485576872263 154.7328246597334 21.92943331980501 0 0 0 1
110.0 -4.3012858699670335 147.79214248434073 -3.470694357429851 0 0 0 1
111.0 15.710709078132474 149.5786233394355 -14.869217790998277 0 0 0 1
112.0 48.009069938430486 149.5655736447247 7.053739384750955 0 0 0 1
113.0 60.02312752267652 145.551051490435 -3.771629928896772 0 0 0 1
114.0 77.5963910769373 139.9675731570722 -0.8365019859094502 0 0 0 1
115.0 94.9224953848596 146.13706543677017 -7.943838687833171 0 0 0 1
116.0 125.38128968720625 152.46307007563146 -4.8315105743444136 0 0 0 1
117.0 137.5139430761139 150.33874817025526 -7.139441007838364 0 0 0 1
118.0 155.05669897252162 150.89679293376128 2.594855058552781 0 0 0 1
119.0 180.35252567987231 151.20464227381692 -3.7613505682889894 0 0 0 1
120.0 198.33711375207326 148.67634629143802 13.467667739760898 0 0 0 1
121.0 221.72792142763797 151.21937307760635 5.388798492868347 0 0 0 1
122.0 226.35555503638142 173.70063962874303 -1.5979218226707275 0 0 0 1
123.0 239.89686449613612 176.83794332575695 2.7359578771335578 0 0 0 1
124.0 226.77515840599165 197.95386556450268 4.963218683786195 0 0 0 1
125.0 205.03232301020756 207.99827470732566 6.995944209217058 0 0 0 1
126.0 188.93496750227368 214.04441756962734 -4.351243873732656 0 0 0 1
127.0 171.9255931351557 212.71442940292297 5.5739387469277375 0 0 0 1
128.0 147.16307566568355 216.40660390812695 4.799388490183482 0 0 0 1
129.0 133.8849176822269 216.32010758157736 -7.219674913022253 0 0 0 1
130.0 109.45536835892094 229.37595065841393 0.1487513797598652 0 0 0 1
131.0 91.42167848240399 223.8989344322121 -4.796756591168908 0 0 0 1
132.0 65.44164586565668 227.96391158714783 8.59000731348592 0 0 0 1
133.0 39.1718152643787 227.23314474407158 -2.1232574724217983 0 0 0 1
134.0 40.351560184869754 223.55328906958246 1.4453528149893238 0 0 0 1
135.0 19.505795072453957 219.81486927823667 -4.249960428559236 0 0 0 1
136.0 -7.945786749247262 225.06793146826553 -2.539703816252314 0 0 0 1
137.0 -34.22861129520136 217.5214717064269 12.43255749823581 0 0 0 1
138.0 -44.875170930423565 233.51116762950224 15.023743842325825 0 0 0 1
139.0 -76.90909868649163 224.85511935452297 -1.1343640358299965 0 0 0 1
140.0 -94.45024863405902 231.3992869402275 -5.795267476082813 0 0 0 1
141.0 -114.4284164099833 222.77468154117057 4.1757146274505175 0 0 0 1
142.0 -129.3495056442824 220.99575608688193 -6.927798754160577 0 0 0 1
143.0 -150.42610830795323 225.748196383191 -0.6407355567759652 0 0 0 1
144.0 -159.95925571092914 230.30036517817385 -4.597687781787997 0 0 0 1
145.0 -188.3398709186701 221.20549187161606 3.5762076260079 0 0 0 1
146.0 -205.67973185483748 225.46090734549608 3.2844628767512205 0 0 0 1
147.0 -229.67008310689542 229.33456544068576 -7.571064075242475 0 0 0 1
148.0 -248.3933708932812 225.22310905585613 -4.24702778898741 0 0 0 1
149.0 -271.9405116955113 227.960928419209 -3.215642762479021 0 0 0 1
150.0 -285.64611468219175 224.39611207862367 -3.723983457668936 0 0 0 1
151.0 -306.2664408207073 233.51484407350196 6.8548498690987 0 0 0 1
152.0 -327.0146846346071 220.16177944515886 7.899624976658004 0 0 0 1
153.0 -344.5737542282254 225.05822075243304 -0.6869196021146138 0 0 0 1
154.0 -364.9310501894058 230.91202035593702 -7.302355248824597 0 0 0 1
155.0 -386.28566065568896 218.69386529410497 -0.9471795798920084 0 0 0 1
156.0 -413.8438010585352 228.61429233229254 7.73242920527224 0 0 0 1
157.0 -428.6991569499426 226.01745967441587 -5.629469145765569 0 0 0 1
158.0 -448.7957028348559 227.80887921506024 -5.327498844048137 0 0 0 1
159.0 -471.8289920462668 227.84594247404183 -5.544505308020206 0 0 0 1
160.0 -480.63767300056986 231.00758702877616 7.3610549722136795 0 0 0 1
161.0 -514.910788127035 222.00155410553546 -1.0388603114824946 0 0 0 1
162.0 -531.3139489294341 232.19805705256053 -15.106676674660974 0 0 0 1
163.0 -549.9438819303202 226.39010960567396 9.210714942632478 0 0 0 1
164.0 -562.2606322857646 218.27542567783243 -9.095040572942025 0 0 0 1
165.0 -593.7007942805471 226.1862424264691 8.702079858043248 0 0 0 1
166.0 -615.6672588450253 222.79064625287828 2.0553152928470695 0 0 0 1
167.0 -622.7567159869335 225.50914385407506 -1.2072938590552553 0 0 0 1
168.0 -640.033326739867 234.6957457193733 -9.49423220315822 0 0 0 1
169.0 -667.2974850982155 221.0752634304834 1.6159134068333287 0 0 0 1
170.0 -693.7334304302985 227.57097065381265 3.4548663784701716 0 0 0 1
171.0 -706.1166570881354 226.31895268709968 0.16153459831804184 0 0 0 1
172.0 -722.2848357330231 231.45461137603405 11.27923547666336 0 0 0 1
173.0 -727.9569919613652 271.66968732045757 3.5508107114540053 0 0 0 1
174.0 -713.232934953913 275.49091773429956 -15.520333080743228 0 0 0 1
175.0 -700.8791626898644 286.84321308291084 0.9262564082552558 0 0 0 1
176.0 -682.990099419445 288.77298267849426 3.8656832212610652 0 0 0 1
177.0 -659.9990136244198 301.9170391687354 -10.02448450951573 0 0 0 1
178.0 -633.8586586441136 290.16911205277745 5.35982252122335 0 0 0 1
179.0 -621.6735904544762 299.4572826191311 -0.20364068966449622 0 0 0 1
180.0 -598.7432724276066 299.04092337815814 4.863117934285526 0 0 0 1
181.0 -581.1364853718884 298.0077745491378 2.767364673786858 0 0 0 1
182.0 -554.1937681954873 306.8448906466123 9.082549692240576 0 0 0 1
183.0 -528.4937580560845 298.5401298641572 5.085332980719613 0 0 0 1
184.0 -522.5705934078816 303.2875407214265 11.018838454581356 0 0 0 1
185.0 -501.57461168387823 307.09647257961916 3.9986485868876684 0 0 0 1
186.0 -484.5004766284128 302.1699355210729 4.766534526678754 0 0 0 1
187.0 -463.8994178552363 306.8897780495492 8.656109080450932 0 0 0 1
188.0 -442.0041760370872 292.7274956309224 0.6159544247732356 0 0 0 1
189.0 -415.70255849582475 304.2240299540457 0.07046806098648517 0 0 0 1
190.0 -397.31158836997605 301.36331269622445 -8.535558957955857 0 0 0 1
191.0 -378.1862267457258 297.32668494188283 -8.78148798267597 0 0 0 1
192.0 -360.64333396683605 304.7665747567089 4.806310860085944 0 0 0 1
193.0 -339.9293191791098 302.7618064101903 -8.028499182075791 0 0 0 1
194.0 -314.80945358167185 293.9738273554735 -0.7885786060132887 0 0 0 1
195.0 -303.467275306982 300.54367629341635 -8.535491813496378 0 0 0 1
196.0 -279.1108748243614 312.1271350318182 0.46438555404370163 0 0 0 1
197.0 -262.9882012970908 316.6941952498443 0.20364929926813602 0 0 0 1
198.0 -247.33913973004542 302.3315612029397 -7.701840946689003 0 0 0 1
199.0 -225.7540719615851 304.2618076331382 -9.135687594762572 0 0 0 1
200.0 -194.64517864312597 300.44590117291995 1.1971003750698657 0 0 0 1
201.0 -185.08023617256367 302.84561914638994 12.585842084469263 0 0 0 1
202.0 -161.50068236406747 297.755424042196 4.555159679411332 0 0 0 1
203.0 -129.86431803170413 297.56504081971013 -1.417228449649123 0 0 0 1
204.0 -119.50229560379323 305.9612808029009 2.313083902828751 0 0 0 1
205.0 -108.41406031439806 301.56376706668476 -0.7765918096312063 0 0 0 1
206.0 -84.61904353706103 311.5641936077218 -6.396307494895879 0 0 0 1
207.0 -57.844072657645384 293.7912721830648 -1.3375522654019285 0 0 0 1
208.0 -49.53378318927294 299.8346127807762 1.496453901284461 0 0 0 1
209.0 -15.996389761863444 303.7820033422336 16.58652139791709 0 0 0 1
210.0 -4.65066874563926 314.06690034015577 10.461279707990737 0 0 0 1
211.0 19.818138041126225 295.5378334412014 -3.4440994906592035 0 0 0 1
212.0 37.119441432483605 303.7794169484863 5.027771098835959 0 0 0 1
213.0 53.69870144914361 305.3669075879455 2.9396431481970815 0 0 0 1
214.0 76.52407568959954 301.99005178777264 -0.6408408817010951 0 0 0 1
215.0 94.6222423978891 297.56456905830737 0.16260342244756743 0 0 0 1
216.0 115.01277327393007 306.2637464376592 -9.059082211692896 0 0 0 1
217.0 132.43669894983222 304.05738703729537 -2.185942223598083 0 0 0 1
218.0 153.64898113849233 302.5009625123106 -8.351441164864767 0 0 0 1
219.0 174.25200444755154 297.7688896675196 -6.765411256802892 0 0 0 1
220.0 193.6598524024946 307.5458816874753 1.9349209952267898 0 0 0 1
221.0 208.86598365558572 308.3166963203983 -6.270829079914307 0 0 0 1
222.0 236.09808768982657 309.39637955832256 -6.322915911715555 0 0 0 1
223.0 235.02438822430392 334.15161125928586 2.941004556084735 0 0 0 1
224.0 224.49887687774185 349.93945631760425 -14.001449111539841 0 0 0 1
225.0 197.12102849319902 364.6591767795757 -3.239533249978237 0 0 0 1
226.0 191.55262335918255 376.1262125057608 -10.15253638492382 0 0 0 1
227.0 172.23959163208846 371.24926156451323 -7.1928779268625505 0 0 0 1
228.0 148.1765425794144 377.89106153055104 3.922557299817143 0 0 0 1
229.0 135.70176967062355 379.6564118495757 -8.781593064019496 0 0 0 1
230.0 118.52258434814496 372.92467132274993 -4.723601686489715 0 0 0 1
231.0 94.26095146552655 372.84041096148604 -15.772078105658764 0 0 0 1
232.0 73.18683039252898 373.40603126979363 -6.4012821753784195 0 0 0 1
233.0 53.08697094079216 389.5452302008881 2.2552618627218024 0 0 0 1
234.0 36.1763729639573 377.3391875536259 3.811675936899544 0 0 0 1
235.0 17.384610891244087 382.58555318513623 -6.052136624207185 0 0 0 1
236.0 -13.679959279470078 377.37382706439337 4.162177932106003 0 0 0 1
237.0 -31.511641371662392 377.93721913446325 -23.779205817540003 0 0 0 1
238.0 -44.564768639299935 375.0875854142662 5.040341833078795 0 0 0 1
239.0 -69.76655129003363 370.09134999694743 11.413975646817605 0 0 0 1
240.0 -89.3457353780133 373.1842689636077 0.1966273584487297 0 0 0 1
241.0 -98.15042357729483 374.3618365884127 1.061439654991112 0 0 0 1
242.0 -131.20002980253034 381.9188794382606 -17.75855777039206 0 0 0 1
243.0 -153.35106331109898 376.25461703734237 -1.5982561842301237 0 0 0 1
244.0 -169.88758587152284 373.1369542875216 -6.080806806167246 0 0 0 1
245.0 -186.10949476383686 373.9438209271369 14.387419767135427 0 0 0 1
246.0 -207.10326612807495 377.80398059485987 -10.73735490938165 0 0 0 1
247.0 -224.674310748905 371.97555026209784 -0.6740715800041386 0 0 0 1
248.0 -248.84822266628976 383.5139249170925 3.1598875187576425 0 0 0 1
249.0 -259.3389370533759 370.4933975650585 11.78001154972587 0 0 0 1
250.0 -288.7532086760352 374.2388092177032 8.846775457246352 0 0 0 1
251.0 -301.3678772446177 365.5248495939319 4.608727538583963 0 0 0 1
252.0 -337.53849981172846 369.49659253503285 9.792174831852094 0 0 0 1
253.0 -347.0882991013759 382.0833169033446 -3.3815348167379966 0 0 0 1
254.0 -374.9017591440531 385.38630009396377 7.210804417231969 0 0 0 1
255.0 -390.9067188754553 383.90375009322344 3.130362952006294 0 0 0 1
256.0 -400.4898970895976 390.60504072203827 12.088039557435195 0 0 0 1
257.0 -430.36740876530763 382.9193851289198 -4.626530832136922 0 0 0 1
258.0 -444.7213376382989 377.39008557500097 -17.361098006254764 0 0 0 1
259.0 -456.75379447035886 380.7204654514955 2.050645676306516 0 0 0 1
260.0 -488.19770124709817 376.1568064797116 13.191158730164233 0 0 0 1
261.0 -505.1966674627426 371.00156460797666 -6.137529507655358 0 0 0 1
262.0 -518.1241483777291 379.6663194417304 -1.6069839251866824 0 0 0 1
263.0 -547.6329404249063 383.6664182295007 -1.9633754909703498 0 0 0 1
264.0 -558.2423992634614 378.32629085522973 -5.127100328027296 0 0 0 1
265.0 -584.4347953683343 376.85160931202273 1.8825692034285453 0 0 0 1
266.0 -605.5385617227956 372.70330724473445 1.994829517052267 0 0 0 1
267.0 -629.1232135577376 373.21861685639556 -5.005820168498531 0 0 0 1
268.0 -642.7898884363125 380.1292587795967 4.218738797487674 0 0 0 1
