357474.0 0.30403530433533443 0.07640791809270296 0.0991100090955597 0 0 0 1
357475.0 0.333668356752057 -0.21137026905691986 0.06211001249454692 0 0 0 1
357476.0 0.47522643290935385 -1.658846992952712 0.0511102341660673 0 0 0 1
357477.0 0.7351288091493032 -4.2441254019879135 0.15611145368289964 0 0 0 1
357478.0 0.9008113347695101 -6.789999390337294 0.10811367629212132 0 0 0 1
357479.0 1.1300515905801056 -10.15294616505422 0.10111817498806402 0 0 0 1
357480.0 1.41892662620742 -14.868186277302739 -0.04087252607698799 0 0 0 1
357481.0 1.8622686213677022 -21.09469039380868 0.05214512724582876 0 0 0 1
357482.0 2.27916563193286 -28.38757285565557 -0.04582647154429442 0 0 0 1
357483.0 2.6388199734188262 -35.95626619724022 -0.008788187573168349 0 0 0 1
357484.0 2.77720123189298 -43.38534030897995 -0.06574196230926388 0 0 0 1
357485.0 2.8531839301153274 -50.779312279316734 -0.06568739398343615 0 0 0 1
357486.0 2.996650733068365 -57.83260818543149 -0.09862732583857103 0 0 0 1
357487.0 3.109156607874905 -64.52902644579945 -0.1125630935843589 0 0 0 1
357488.0 3.301229701390954 -70.97878986574005 -0.16249454032453303 0 0 0 1
357489.0 3.504804911574019 -77.71625387499766 -0.1724159632318294 0 0 0 1
357490.0 3.818973633431722 -85.19925097251831 -0.19532029601821344 0 0 0 1
357491.0 4.262217184377977 -93.34237497757493 -0.2912061387366047 0 0 0 1
357492.0 4.787673178332842 -101.83133857245464 -0.2660759941066577 0 0 0 1
357493.0 5.395885500899669 -110.63765021886911 -0.33292895473867334 0 0 0 1
357494.0 5.948509195942953 -119.51953401103373 -0.3987683485421276 0 0 0 1
357495.0 6.433378078806907 -128.0644186824371 -0.38260217050733036 0 0 0 1
357496.0 6.877054262515218 -136.32015224420547 -0.3924307485429437 0 0 0 1
357497.0 7.24880649738746 -144.28007162598237 -0.48725539151913067 0 0 0 1
357498.0 7.574752542675428 -151.92994061783475 -0.5200775290117501 0 0 0 1
357499.0 7.882665254534372 -159.46892256428217 -0.49689327518938153 0 0 0 1
357500.0 8.201086803209044 -167.333167351192 -0.5436915750007123 0 0 0 1
357501.0 8.511681348423995 -175.5177749143911 -0.5644713773505554 0 0 0 1
357502.0 8.87778447415695 -184.03170488045257 -0.5752311085477908 0 0 0 1
357503.0 9.255516310234556 -192.75999160038137 -0.6059729780612004 0 0 0 1
357504.0 9.63282801963817 -201.76771045097325 -0.6486940648044772 0 0 0 1
357505.0 10.005918497342357 -211.09097209923374 -0.7113920007196022 0 0 0 1
357506.0 10.289757335375302 -220.67683213355434 -0.7810673724213695 0 0 0 1
357507.0 10.451032470427261 -230.05426805809356 -0.720736051201011 0 0 0 1
357508.0 10.597398485449606 -239.13122374814094 -0.758402240732968 0 0 0 1
357509.0 10.71703122959531 -248.1533417710092 -0.785057695525099 0 0 0 1
357510.0 10.803837575148965 -257.302951091854 -0.8156953157538593 0 0 0 1
357511.0 10.902272360455452 -266.5536028470983 -0.8743155845153918 0 0 0 1
357512.0 11.012568751235829 -275.91115418709853 -0.9319178048256109 0 0 0 1
357513.0 11.0828773731992 -285.3738758815707 -0.9465016757760392 0 0 0 1
357514.0 11.154706096279446 -294.98672585436105 -0.9990645813533465 0 0 0 1
357515.0 11.188344976035639 -304.7516135884438 -1.0276058218918038 0 0 0 1
357516.0 11.161600829986444 -314.6928663965343 -1.037123539028376 0 0 0 1
357517.0 11.10790403728501 -324.6166147988792 -1.0946267111950787 0 0 0 1
357518.0 11.010571267683716 -334.2070641589661 -1.1391319909768738 0 0 0 1
357519.0 10.86502188066708 -343.4263559305792 -1.1606429214045448 0 0 0 1
357520.0 10.695334460892852 -352.2932930902757 -1.150160030373776 0 0 0 1
357521.0 10.50995731911766 -361.1844263961069 -1.1996634737714125 0 0 0 1
357522.0 10.366691127329016 -370.0424994596766 -1.1981563778047972 0 0 0 1
357523.0 10.279806357701172 -378.6262585235204 -1.2166531732783978 0 0 0 1
357524.0 10.20135474569977 -386.9260233906203 -1.2351556289520023 0 0 0 1
357525.0 10.077977205226132 -394.9093920577996 -1.242666946469397 0 0 0 1
357526.0 10.028450896704333 -402.620273299019 -1.3111853527790398 0 0 0 1
357527.0 10.175730423619836 -410.05542517192373 -1.2777118502664475 0 0 0 1
357528.0 11.036966907201643 -417.1505107118768 -1.2942507143226063 0 0 0 1
357529.0 12.799565396461606 -423.7960765873209 -1.3618096828344042 0 0 0 1
357530.0 15.594584734777321 -430.00696979431723 -1.284388087513559 0 0 0 1
357531.0 19.65638546150729 -435.81752773285166 -1.2829827680418155 0 0 0 1
357532.0 24.85483588540557 -440.8919122318749 -1.2546161046387425 0 0 0 1
357533.0 30.739254569775873 -444.71712206089603 -1.2783250167272637 0 0 0 1
357534.0 37.04743646421663 -447.3865363138823 -1.3391048334404516 0 0 0 1
357535.0 43.97490729060339 -448.9480566422531 -1.3629510251318067 0 0 0 1
357536.0 51.47800582828155 -449.8358195354879 -1.4088321518942415 0 0 0 1
357537.0 59.60479525923745 -450.4413022047992 -1.4747183963214567 0 0 0 1
357538.0 68.53766024675224 -451.0018689620021 -1.3595887095832566 0 0 0 1
357539.0 78.1785422051728 -451.66717885720084 -1.333430327064768 0 0 0 1
357540.0 87.89485685788952 -452.4011422315971 -1.3172513349299635 0 0 0 1
357541.0 97.7911454244732 -453.20622005515065 -1.2740495791445454 0 0 0 1
357542.0 107.873756785908 -453.9574658122937 -1.3158329693628232 0 0 0 1
357543.0 118.10414515682274 -454.42151596964476 -1.3756179715293655 0 0 0 1
357544.0 128.5017119261176 -454.59977491972427 -1.4854034399858236 0 0 0 1
357545.0 139.01177479537694 -454.67203793419037 -1.5311769749183384 0 0 0 1
357546.0 149.28082423397774 -454.68358668601275 -1.5749431112654264 0 0 0 1
357547.0 159.28573386384585 -454.57485550404135 -1.6837078397333443 0 0 0 1
357548.0 169.0970949605472 -454.0347033747949 -1.7384926630316073 0 0 0 1
357549.0 178.90044902191127 -453.1613623288665 -1.779286172460246 0 0 0 1
357550.0 188.88690358890508 -452.32643228424735 -1.8550562678958755 0 0 0 1
357551.0 199.07649478738617 -451.6551589442823 -1.9087926132372957 0 0 0 1
357552.0 209.46348564466348 -451.24428316151386 -1.9924876351052632 0 0 0 1
357553.0 220.12415569404078 -451.0351392419268 -2.0651419139849168 0 0 0 1
357554.0 231.14003309025924 -451.032853531313 -2.1547507665688244 0 0 0 1
357555.0 242.44938478824756 -451.15019423586676 -2.2013208666713098 0 0 0 1
357556.0 254.01817616619056 -451.3088697659166 -2.2818575376764443 0 0 0 1
357557.0 265.49547316483813 -451.43636558616873 -2.357379161047618 0 0 0 1
357558.0 276.70262858701733 -451.412229747345 -2.4009025434594946 0 0 0 1
357559.0 288.08611674390033 -451.298842366809 -2.4674044673099758 0 0 0 1
357560.0 299.81544585161714 -451.1549313528015 -2.5478718304350423 0 0 0 1
357561.0 311.82904398248917 -451.029320871844 -2.6013022884285704 0 0 0 1
357562.0 323.9718918518391 -450.9138704165514 -2.5837027140661064 0 0 0 1
357563.0 336.2044488838484 -450.7763687219625 -2.5930767324449846 0 0 0 1
357564.0 348.51512992357755 -450.6859478250653 -2.570419580195363 0 0 0 1
357565.0 360.8260578640482 -450.5538975204882 -2.4337414927166776 0 0 0 1
357566.0 372.8791344098571 -450.5311381713599 -2.5960469699700752 0 0 0 1
357567.0 384.7431614695489 -450.5035695966873 -2.4043413698232143 0 0 0 1
357568.0 396.28833842142933 -450.48264952891174 -2.33763304203913 0 0 0 1
357569.0 407.53745029542154 -450.4354963972211 -2.2829245811596195 0 0 0 1
357570.0 418.4699524498628 -450.3709051404869 -2.2012182970279923 0 0 0 1
357571.0 429.0707448351315 -450.2744827755406 -2.2555178571363115 0 0 0 1
357572.0 439.5996215753018 -449.9492501031776 -2.2778208308395733 0 0 0 1
357573.0 450.11377587928575 -449.22685373328295 -2.21413534193249 0 0 0 1
357574.0 460.3409301845014 -448.1276337158997 -2.161479635468112 0 0 0 1
357575.0 470.20575217925966 -446.9441679041896 -2.07184000424445 0 0 0 1
357576.0 479.5473371165231 -445.7858697455887 -2.0152226011841208 0 0 0 1
357577.0 488.33542016206434 -444.9668268378953 -1.9686101886126437 0 0 0 1
357578.0 496.8086252796745 -444.4658504320964 -1.8949880108124262 0 0 0 1
357579.0 504.9346961026264 -444.00166253703276 -1.8533795362369005 0 0 0 1
357580.0 512.6221611064489 -443.23503967269295 -1.8728170506555841 0 0 0 1
357581.0 519.7893467988947 -441.93241917081593 -1.766324896524111 0 0 0 1
357582.0 526.3973553429074 -439.7489042229215 -1.743931495266338 0 0 0 1
357583.0 532.4629711645628 -436.71506178681256 -1.6506341921007106 0 0 0 1
357584.0 537.8932266395984 -432.8397208848263 -1.6094406053154842 0 0 0 1
357585.0 542.4596801490865 -427.9024806964329 -1.5573851190642074 0 0 0 1
357586.0 545.6144204448526 -421.9630306819975 -1.5315102799081899 0 0 0 1
357587.0 547.4054118607103 -415.44588200702646 -1.521783644250064 0 0 0 1
357588.0 548.576510371843 -408.2347714884065 -1.4671478333376058 0 0 0 1
357589.0 549.2312108230224 -400.33306874608013 -1.423591679112178 0 0 0 1
357590.0 549.5035180600593 -391.6460106573996 -1.3711070003300847 0 0 0 1
357591.0 549.5203432332773 -382.0833872451916 -1.2986850624637043 0 0 0 1
357592.0 549.5134735864071 -371.7603368759052 -1.2572951796506118 0 0 0 1
357593.0 549.5910943710995 -361.4592996002432 -1.1338800451602253 0 0 0 1
357594.0 549.674448286817 -351.0352196654491 -1.0904545604986993 0 0 0 1
357595.0 549.7824595192071 -340.3991545315946 -1.0300212256943837 0 0 0 1
357596.0 549.8065730925325 -329.5773910367459 -0.9345870210055125 0 0 0 1
357597.0 549.7490135982974 -318.8495258799066 -0.9161368486792014 0 0 0 1
357598.0 549.6982050032095 -308.0865258665641 -0.7806697605474255 0 0 0 1
357599.0 549.6821765521513 -297.24744113677843 -0.7101850595947212 0 0 0 1
357600.0 549.6665046266746 -286.34438117721163 -0.6826847920989394 0 0 0 1
