0.0 3.3325406951088055 -5.357685076785833 10.652534192434908 0 0 0 1
1.0 11.1796629913033 -3.7899042915132966 -0.1276781268071021 0 0 0 1
2.0 30.07006619649832 3.893896235231878 2.0299111697369643 0 0 0 1
3.0 40.85065112310433 18.923580694980572 -7.794637524048511 0 0 0 1
4.0 53.425772024612925 17.152141056589308 -1.2381434356922476 0 0 0 1
5.0 59.847364757093786 31.350368276930805 5.347271538838136 0 0 0 1
6.0 66.16427854899325 41.29217058158005 6.606844021717823 0 0 0 1
7.0 81.03361397175425 59.596767321756026 4.685871024742831 0 0 0 1
8.0 84.73480849391265 61.03957650974884 0.7524547191458808 0 0 0 1
9.0 92.81634355331364 78.95426286687092 7.988742510094106 0 0 0 1
10.0 107.40636403930735 102.10868524530171 -2.0610456636199714 0 0 0 1
11.0 95.94887597400856 112.68394755222043 -1.4348095801510823 0 0 0 1
12.0 96.83800063837226 128.20894041619147 1.026321145401397 0 0 0 1
13.0 80.92542043534363 137.1565021109311 -2.241914154303281 0 0 0 1
14.0 79.99359360743293 144.21821286499542 -7.220608196467666 0 0 0 1
15.0 62.42623967027708 154.335351292863 -1.6911436558195945 0 0 0 1
16.0 56.5575209411131 178.33959994615205 -0.2721614653905604 0 0 0 1
17.0 43.47776877953393 173.68452998157187 -2.5486159946558082 0 0 0 1
18.0 23.76723921027492 181.3855623171732 -1.2109240048299288 0 0 0 1
19.0 20.33552936329115 182.4198181695333 3.7659570630011814 0 0 0 1
20.0 0.6588729350710869 188.32088743887692 -15.101043306993589 0 0 0 1
21.0 -14.954921487186475 187.98973248005473 -0.5930646372046224 0 0 0 1
22.0 -28.26463646346414 189.08492688818112 6.682870379985882 0 0 0 1
23.0 -41.75344582110387 184.5977538106853 -7.994822311169532 0 0 0 1
24.0 -53.4013187988766 165.80416674131877 -10.501700351051618 0 0 0 1
25.0 -66.76515581497429 163.10586583346014 -8.019234396210077 0 0 0 1
26.0 -69.82086166904166 149.168851909151 -18.590700622358934 0 0 0 1
27.0 -77.05365072378453 139.5128776526942 2.9464614127845934 0 0 0 1
28.0 -89.45499880920215 122.3534296228585 1.1269301631163202 0 0 0 1
29.0 -92.1740462556769 104.89254744418507 -1.5086967286347317 0 0 0 1
30.0 -99.180111240433 100.03840782128104 0.33448308204206256 0 0 0 1
31.0 -102.87588324592872 76.87872548903562 -7.533057875950561 0 0 0 1
32.0 -93.10124756590807 65.36727716984187 5.22916747114548 0 0 0 1
33.0 -84.08433414779164 57.60797589509897 5.58999997732127 0 0 0 1
34.0 -70.68548906158078 38.87938954029752 6.1769042825846014 0 0 0 1
35.0 -69.44698147233663 23.951436568481384 -1.9003194727442896 0 0 0 1
36.0 -62.102249690681376 7.84335495336024 -13.106017459139 0 0 0 1
37.0 -49.387730297907915 15.811947541812035 -11.069254729009241 0 0 0 1
38.0 -30.505775584890035 0.9046703082325314 2.9083440882523384 0 0 0 1
39.0 -4.585862680214339 -1.2781903035424447 -3.194876907473509 0 0 0 1
40.0 11.780598602223678 -6.226240039072286 2.61068122761274 0 0 0 1
41.0 20.513325376171387 4.379605488024359 7.744001969558971 0 0 0 1
42.0 23.867766399505427 10.033897420082567 2.6942145827848787 0 0 0 1
43.0 38.65352155489809 4.622353183621444 -2.6760564151199535 0 0 0 1
44.0 56.97853654303351 16.880369037965014 -9.848696546383614 0 0 0 1
45.0 72.6550690924106 20.581297768053226 -13.909398024323608 0 0 0 1
46.0 80.76195032894555 34.83178199147072 -1.0932485802245324 0 0 0 1
47.0 92.64581340399548 50.706363543119195 -3.940529126387311 0 0 0 1
48.0 87.64331355210419 71.04022883627252 -8.089193119276167 0 0 0 1
49.0 95.95214707239535 79.64315927856276 1.907290709360872 0 0 0 1
50.0 103.3123067527547 96.66991253171156 0.03530714999345719 0 0 0 1
51.0 95.19256871701613 108.01906370412107 -0.20027798990528822 0 0 0 1
52.0 88.28681523533466 130.701052433678 4.718674243638183 0 0 0 1
53.0 90.30260884326667 137.00906191377456 2.649645097517265 0 0 0 1
54.0 80.35520175992015 145.070278903675 -1.152616238736698 0 0 0 1
55.0 72.17242498256151 161.51238775797898 10.959780292240566 0 0 0 1
56.0 61.50152472374529 175.8635782738499 4.548727938690604 0 0 0 1
57.0 45.01020818702237 180.58301810364551 -14.15929443307671 0 0 0 1
58.0 31.423341413538495 185.91632818528467 -0.8288815286939339 0 0 0 1
59.0 8.79288145399587 180.13246003950871 1.5034316832546395 0 0 0 1
60.0 3.2175405978922855 190.55708446521632 -7.6263660563535325 0 0 0 1
61.0 -9.886804747976111 188.29570739916107 -2.030669774647023 0 0 0 1
62.0 -22.829913069973063 190.16485958857973 0.05514784347559498 0 0 0 1
63.0 -35.86734526700218 185.76167217157808 9.908639315019357 0 0 0 1
64.0 -57.229021116084255 166.84787994551704 -2.954136784398468 0 0 0 1
65.0 -66.50396977773552 165.04281016407484 2.366349962158857 0 0 0 1
66.0 -75.56639618420522 148.55460934843515 9.743451398511702 0 0 0 1
67.0 -96.62399599112867 141.71102493598104 7.8920401236718405 0 0 0 1
68.0 -92.95748392606333 120.06270423662903 -7.842253843762137 0 0 0 1
69.0 -100.50571095034155 109.04029572665608 15.119245134476309 0 0 0 1
70.0 -97.43975958331345 96.56198278386373 -0.3459037567399008 0 0 0 1
71.0 -94.65064630624597 77.89385029625585 0.025748297285737465 0 0 0 1
72.0 -90.31937556273456 58.37094890027793 1.0207750861814162 0 0 0 1
73.0 -92.01064837800122 50.27041946159139 -18.970643333876673 0 0 0 1
74.0 -75.04639975695558 48.437380504392486 7.194258691518442 0 0 0 1
75.0 -60.501746945886666 31.693969687993487 -1.3305728355292068 0 0 0 1
76.0 -51.4529241294547 15.532931505713892 -6.406006007245409 0 0 0 1
77.0 -46.31023781233867 13.883836015513765 -0.19688402241475345 0 0 0 1
78.0 -27.94063261870305 0.8611960332844637 -7.111740528481972 0 0 0 1
79.0 -14.008466525777582 -3.3582457325435224 -11.022501816972305 0 0 0 1
80.0 -5.848833274651707 -5.798546649249639 8.890131963399373 0 0 0 1
81.0 16.107211317094585 0.1963310918341321 -0.2606859020168981 0 0 0 1
82.0 30.602659380639672 4.547493636220729 -9.009484909142232 0 0 0 1
83.0 35.32030066417377 12.12647760476409 -1.47195044369216 0 0 0 1
84.0 49.71711971192223 19.535548215569456 -13.843351436659322 0 0 0 1
85.0 69.43177971300352 31.856502533874526 -4.443558942856047 0 0 0 1
86.0 80.33624421567157 39.811381962127214 4.222968360476841 0 0 0 1
87.0 85.52364063387297 47.719554668843905 1.0878653164107135 0 0 0 1
88.0 90.21358856612052 58.73388527551571 -3.0023084500744375 0 0 0 1
89.0 87.21536368086883 77.06401444998542 2.584369657045947 0 0 0 1
90.0 98.81931806058141 93.96928185900643 3.0010418191738353 0 0 0 1
91.0 91.3557771061575 117.8251377034259 5.372289314695294 0 0 0 1
92.0 99.2569237748661 129.5785840668 14.585896003190491 0 0 0 1
93.0 87.96694481008592 140.4224569548967 -22.30507551487721 0 0 0 1
94.0 79.31649274139984 151.71678382953183 8.038010745342731 0 0 0 1
95.0 68.64921860173573 161.78880470181895 -0.6501694225023122 0 0 0 1
96.0 54.63519820820047 173.896505291001 -0.7941061903223279 0 0 0 1
97.0 32.40183154852943 175.32707279235382 2.702256507192244 0 0 0 1
98.0 34.13049331520867 188.82789976325313 4.408222824334908 0 0 0 1
99.0 23.77290198916939 187.12168809761891 -8.841163408835927 0 0 0 1
100.0 9.471850170114068 189.74025888830857 -9.253913510107965 0 0 0 1
101.0 -21.36383670256751 198.08033731763942 -1.9337154315449752 0 0 0 1
102.0 -25.183749307156347 184.78903596762987 9.964290526009185 0 0 0 1
103.0 -43.244986873922585 178.6266539765248 8.396041794676247 0 0 0 1
104.0 -53.42490250702524 171.5150891963549 0.9302079143472319 0 0 0 1
105.0 -55.529969006923245 157.53267741501773 1.1163126233502112 0 0 0 1
106.0 -68.72963533754606 151.77481368987654 2.704755884961717 0 0 0 1
107.0 -84.38791534345685 136.50969618311004 -9.674898098334012 0 0 0 1
108.0 -99.32517651818844 115.55163822989736 -0.16719725760238902 0 0 0 1
109.0 -92.39324814442874 111.0623603726236 -1.8628514742448985 0 0 0 1
110.0 -102.24126663882001 98.55502120747089 -4.193371917121809 0 0 0 1
111.0 -88.56907079866131 78.20455046166862 -2.549952015135723 0 0 0 1
112.0 -82.97787428369327 52.83016337271765 1.2103638142697548 0 0 0 1
113.0 -84.04473335820556 49.57812632552511 6.939911196173611 0 0 0 1
114.0 -82.57780702304407 43.490668234664774 -1.2263925798484863 0 0 0 1
115.0 -64.66612615812387 24.33730591211743 8.083462227618433 0 0 0 1
116.0 -60.84990002923494 12.742638343404245 4.971968794843729 0 0 0 1
117.0 -49.618787804696154 10.957139667081568 -7.989257734096277 0 0 0 1
118.0 -32.66971897711846 17.01691813331718 4.283472800937952 0 0 0 1
119.0 -10.974440992231877 -7.980990143926879 8.735269584048174 0 0 0 1
120.0 -6.251292820151734 4.892094070670555 -0.23187992840189375 0 0 0 1
121.0 14.526612211137682 -0.33128950158871096 11.707470259202587 0 0 0 1
122.0 30.750456997334748 10.300666264746734 -6.66067788040054 0 0 0 1
123.0 37.42075191795488 13.338171364311037 -11.0413543946884 0 0 0 1
124.0 57.380868330373914 13.613487650403767 -0.9101544811224187 0 0 0 1
125.0 61.600077094268165 28.07734380250195 1.9258060384489823 0 0 0 1
126.0 76.10516905963709 43.50787321165342 0.30346138428899394 0 0 0 1
127.0 93.29645851531563 46.28054532492907 -2.4972984740210222 0 0 0 1
128.0 88.42254285930319 60.421890821920535 12.244141618218187 0 0 0 1
129.0 94.11242639396934 84.88463418287054 6.691031799529945 0 0 0 1
130.0 97.04518070291161 94.84225590425005 2.7525555743873085 0 0 0 1
131.0 98.29640685848045 111.5467678250381 4.873753689888986 0 0 0 1
132.0 89.52538215376069 122.68543527669848 -7.587048182368797 0 0 0 1
133.0 77.99798099622899 141.07128699857304 7.1556815067417645 0 0 0 1
134.0 75.82460510466647 153.02354404481125 -1.0008975044566952 0 0 0 1
135.0 55.626621362142956 162.27973005191527 2.4977350906872466 0 0 0 1
136.0 50.41382083867401 178.85601865737826 11.096025519965 0 0 0 1
137.0 47.26189178839544 171.99726273868 -0.23401440791510097 0 0 0 1
138.0 19.52681331851848 188.70128206849895 2.431969466841826 0 0 0 1
139.0 12.964392185874946 201.3534458949506 -1.7052237003317199 0 0 0 1
140.0 -1.4197703345382506 184.13683711190288 -3.59351819724264 0 0 0 1
141.0 -5.892086847910001 189.93146445236945 7.463064866725157 0 0 0 1
142.0 -30.25526901314726 182.42562742127217 -0.3483434826383238 0 0 0 1
143.0 -45.15274707531361 170.67974952602086 4.602118746844333 0 0 0 1
144.0 -52.198681578772394 170.5991908231458 -11.119226485711856 0 0 0 1
145.0 -66.27125936976441 162.39434371838882 1.1881213715041383 0 0 0 1
146.0 -75.30855629634131 150.75470037468511 11.200124429557075 0 0 0 1
147.0 -88.43600352229682 139.82144513505324 8.285562647345422 0 0 0 1
148.0 -94.59719192813449 123.68990027467339 0.5951250058903383 0 0 0 1
149.0 -94.55828054264819 110.39202667633207 -0.28158785707208267 0 0 0 1
150.0 -86.20896205492532 88.11872141869472 6.818853928381536 0 0 0 1
151.0 -96.01914072250251 89.77566516810248 1.5284097579118097 0 0 0 1
152.0 -85.69911229026671 61.99417247860617 -6.331262765296941 0 0 0 1
153.0 -90.49101031723237 50.73789020263018 1.2196411441071717 0 0 0 1
154.0 -67.96819423083029 43.871990742007924 7.480071893574912 0 0 0 1
155.0 -73.83156549938303 24.854048912578186 -1.3883771812877406 0 0 0 1
156.0 -50.21136914445449 13.754881243419447 3.039638637544595 0 0 0 1
157.0 -38.424924465027715 11.745746717640511 -12.843357935808175 0 0 0 1
158.0 -25.272392468467814 4.450611969786833 4.027246155979578 0 0 0 1
159.0 -14.908228308105347 -5.708748895254435 -8.906230118612257 0 0 0 1
160.0 7.91259966263204 9.236562431503458 0.5174915399261288 0 0 0 1
161.0 21.63457239322883 -3.9383933281107435 -0.14665153006654208 0 0 0 1
162.0 27.58767341588215 -0.4655855916548113 0.058004684643250926 0 0 0 1
163.0 41.79785171439325 12.716703408581733 -4.345613864693098 0 0 0 1
164.0 63.273779238572004 19.206982496470527 -3.030193907820788 0 0 0 1
165.0 73.660331907089 31.703742708885745 6.971287781222465 0 0 0 1
166.0 83.63786852252686 40.32877058729232 17.027105299469483 0 0 0 1
167.0 82.08308107809002 42.110411543794974 -12.183838342125703 0 0 0 1
168.0 96.39132211507724 72.38441816112577 3.342034217528983 0 0 0 1
169.0 102.21112184815149 78.18829345876736 -10.240687790936398 0 0 0 1
170.0 101.58051246339265 90.08792819786487 7.1558338007408295 0 0 0 1
171.0 90.0629108903262 108.06658280586666 12.95495877635009 0 0 0 1
172.0 92.97731075260091 131.766288857176 0.8080521714742162 0 0 0 1
173.0 76.76243732402442 135.71851485511476 11.063019540026389 0 0 0 1
174.0 77.98000988714249 157.4201052930411 2.221842232364537 0 0 0 1
175.0 70.19814724476649 151.7475632219401 -7.549730016394527 0 0 0 1
176.0 63.97329432622362 168.72819148501128 7.472409365474345 0 0 0 1
177.0 50.40652141169828 194.50163461973816 2.6379091306448323 0 0 0 1
178.0 36.659925959898445 191.29898026593895 -3.5590821144518046 0 0 0 1
179.0 21.03980662765319 186.37179161913875 -15.045504533345392 0 0 0 1
180.0 3.691367505179173 189.6035227781436 8.974374849485633 0 0 0 1
181.0 -12.910173075460458 190.83743845571843 6.40812247406581 0 0 0 1
182.0 -23.518661184865667 182.37919825328402 3.9230312498089113 0 0 0 1
183.0 -40.32897274292707 178.03191017851717 -7.883340960649196 0 0 0 1
184.0 -50.627238803201564 177.5706734969817 1.4774832857264748 0 0 0 1
185.0 -60.00746922676839 166.55853425192856 6.236374271929957 0 0 0 1
186.0 -77.2527151532612 149.68920979398146 -5.092508313651905 0 0 0 1
187.0 -72.10415504519756 132.31229079280715 0.4103638385225139 0 0 0 1
188.0 -93.66877365364975 125.33436757735181 8.545992598118218 0 0 0 1
189.0 -86.8829121030877 106.38614726746235 14.124530192307681 0 0 0 1
190.0 -99.6196092339349 99.60143468981796 10.004974099081352 0 0 0 1
191.0 -104.74934464730588 88.51409370731778 -10.282190777349427 0 0 0 1
192.0 -82.82023197262387 63.37358237787029 5.963358852531972 0 0 0 1
193.0 -90.68306812631437 49.90442940539202 -0.9534014744832007 0 0 0 1
194.0 -77.55876869708976 35.394972555036894 -0.9262926746357181 0 0 0 1
195.0 -58.87394147521716 26.93730159260776 -4.015183915432839 0 0 0 1
196.0 -54.53604910693165 12.219028329348632 4.953137784989902 0 0 0 1
197.0 -39.98947732103354 13.579540178560013 1.5883745773037852 0 0 0 1
198.0 -24.924990880245375 0.03783703311356312 -6.4532870803896 0 0 0 1
