357474.0 0.30403530433533443 0.07640791809270296 0.0991100090955597 0 0 0 1
357475.0 0.333668356752057 -0.21137026905691986 0.06211001249454692 0 0 0 1
357476.0 0.47522643290935385 -1.658846992952712 0.0511102341660673 0 0 0 1
357477.0 0.7351288091493032 -4.2441254019879135 0.15611145368289964 0 0 0 1
357478.0 0.9008113347695101 -6.789999390337294 0.10811367629212132 0 0 0 1
357479.0 1.1300515905801056 -10.15294616505422 0.10111817498806402 0 0 0 1
357480.0 1.41892662620742 -14.868186277302739 -0.04087252607698799 0 0 0 1
357481.0 1.8622686213677022 -21.09469039380868 0.05214512724582876 0 0 0 1
357482.0 2.27916563193286 -28.38757285565557 -0.04582647154429442 0 0 0 1
357483.0 2.6388199734188262 -35.95626619724022 -0.008788187573168349 0 0 0 1
357484.0 2.77720123189298 -43.38534030897995 -0.06574196230926388 0 0 0 1
357485.0 2.8531839301153274 -50.779312279316734 -0.06568739398343615 0 0 0 1
357486.0 2.996650733068365 -57.83260818543149 -0.09862732583857103 0 0 0 1
357487.0 3.109156607874905 -64.52902644579945 -0.1125630935843589 0 0 0 1
357488.0 3.301229701390954 -70.97878986574005 -0.16249454032453303 0 0 0 1
357489.0 3.504804911574019 -77.71625387499766 -0.1724159632318294 0 0 0 1
357490.0 3.818973633431722 -85.19925097251831 -0.19532029601821344 0 0 0 1
357491.0 4.262217184377977 -93.34237497757493 -0.2912061387366047 0 0 0 1
357492.0 4.787673178332842 -101.83133857245464 -0.2660759941066577 0 0 0 1
357493.0 5.395885500899669 -110.63765021886911 -0.33292895473867334 0 0 0 1
357494.0 5.948509195942953 -119.51953401103373 -0.3987683485421276 0 0 0 1
357495.0 6.433378078806907 -128.0644186824371 -0.38260217050733036 0 0 0 1
357496.0 6.877054262515218 -136.32015224420547 -0.3924307485429437 0 0 0 1
357497.0 7.24880649738746 -144.28007162598237 -0.48725539151913067 0 0 0 1
357498.0 7.574752542675428 -151.92994061783475 -0.5200775290117501 0 0 0 1
357499.0 7.882665254534372 -159.46892256428217 -0.49689327518938153 0 0 0 1
357500.0 8.201086803209044 -167.333167351192 -0.5436915750007123 0 0 0 1
357501.0 8.511681348423995 -175.5177749143911 -0.5644713773505554 0 0 0 1
357502.0 8.87778447415695 -184.03170488045257 -0.5752311085477908 0 0 0 1
357503.0 9.255516310234556 -192.75999160038137 -0.6059729780612004 0 0 0 1
357504.0 9.63282801963817 -201.76771045097325 -0.6486940648044772 0 0 0 1
357505.0 10.005918497342357 -211.09097209923374 -0.7113920007196022 0 0 0 1
357506.0 10.289757335375302 -220.67683213355434 -0.7810673724213695 0 0 0 1
357507.0 10.451032470427261 -230.05426805809356 -0.720736051201011 0 0 0 1
357508.0 10.597398485449606 -239.13122374814094 -0.758402240732968 0 0 0 1
357509.0 10.71703122959531 -248.1533417710092 -0.785057695525099 0 0 0 1
357510.0 10.803837575148965 -257.302951091854 -0.8156953157538593 0 0 0 1
357511.0 10.902272360455452 -266.5536028470983 -0.8743155845153918 0 0 0 1
357512.0 11.012568751235829 -275.91115418709853 -0.9319178048256109 0 0 0 1
357513.0 11.0828773731992 -285.3738758815707 -0.9465016757760392 0 0 0 1
357514.0 11.154706096279446 -294.98672585436105 -0.9990645813533465 0 0 0 1
357515.0 11.188344976035639 -304.7516135884438 -1.0276058218918038 0 0 0 1
357516.0 11.161600829986444 -314.6928663965343 -1.037123539028376 0 0 0 1
357517.0 11.10790403728501 -324.6166147988792 -1.0946267111950787 0 0 0 1
357518.0 11.010571267683716 -334.2070641589661 -1.1391319909768738 0 0 0 1
357519.0 10.86502188066708 -343.4263559305792 -1.1606429214045448 0 0 0 1
357520.0 10.695334460892852 -352.2932930902757 -1.150160030373776 0 0 0 1
357521.0 10.50995731911766 -361.1844263961069 -1.1996634737714125 0 0 0 1
357522.0 10.366691127329016 -370.0424994596766 -1.1981563778047972 0 0 0 1
357523.0 10.279806357701172 -378.6262585235204 -1.2166531732783978 0 0 0 1
357524.0 10.20135474569977 -386.9260233906203 -1.2351556289520023 0 0 0 1
357525.0 10.077977205226132 -394.9093920577996 -1.242666946469397 0 0 0 1
357526.0 10.028450896704333 -402.620273299019 -1.3111853527790398 0 0 0 1
357527.0 10.175730423619836 -410.05542517192373 -1.2777118502664475 0 0 0 1
357528.0 11.036966907201643 -417.1505107118768 -1.2942507143226063 0 0 0 1
357529.0 12.799565396461606 -423.7960765873209 -1.3618096828344042 0 0 0 1
357530.0 15.594584734777321 -430.00696979431723 -1.284388087513559 0 0 0 1
357531.0 19.65638546150729 -435.81752773285166 -1.2829827680418155 0 0 0 1
357532.0 24.85483588540557 -440.8919122318749 -1.2546161046387425 0 0 0 1
357533.0 30.739254569775873 -444.71712206089603 -1.2783250167272637 0 0 0 1
357534.0 37.04743646421663 -447.3865363138823 -1.3391048334404516 0 0 0 1
357535.0 43.97490729060339 -448.9480566422531 -1.3629510251318067 0 0 0 1
357536.0 51.47800582828155 -449.8358195354879 -1.4088321518942415 0 0 0 1
357537.0 59.60479525923745 -450.4413022047992 -1.4747183963214567 0 0 0 1
357538.0 68.53766024675224 -451.0018689620021 -1.3595887095832566 0 0 0 1
357539.0 78.1785422051728 -451.66717885720084 -1.333430327064768 0 0 0 1
357540.0 87.89485685788952 -452.4011422315971 -1.3172513349299635 0 0 0 1
357541.0 97.7911454244732 -453.20622005515065 -1.2740495791445454 0 0 0 1
357542.0 107.873756785908 -453.9574658122937 -1.3158329693628232 0 0 0 1
357543.0 118.10414515682274 -454.42151596964476 -1.3756179715293655 0 0 0 1
357544.0 128.5017119261176 -454.59977491972427 -1.4854034399858236 0 0 0 1
357545.0 139.01177479537694 -454.67203793419037 -1.5311769749183384 0 0 0 1
357546.0 149.28082423397774 -454.68358668601275 -1.5749431112654264 0 0 0 1
357547.0 159.28573386384585 -454.57485550404135 -1.6837078397333443 0 0 0 1
357548.0 169.0970949605472 -454.0347033747949 -1.7384926630316073 0 0 0 1
357549.0 178.90044902191127 -453.1613623288665 -1.779286172460246 0 0 0 1
357550.0 188.88690358890508 -452.32643228424735 -1.8550562678958755 0 0 0 1
357551.0 199.07649478738617 -451.6551589442823 -1.9087926132372957 0 0 0 1
357552.0 209.46348564466348 -451.24428316151386 -1.9924876351052632 0 0 0 1
357553.0 220.12415569404078 -451.0351392419268 -2.0651419139849168 0 0 0 1
357554.0 231.14003309025924 -451.032853531313 -2.1547507665688244 0 0 0 1
357555.0 242.44938478824756 -451.15019423586676 -2.2013208666713098 0 0 0 1
357556.0 254.01817616619056 -451.3088697659166 -2.2818575376764443 0 0 0 1
357557.0 265.49547316483813 -451.43636558616873 -2.357379161047618 0 0 0 1
357558.0 276.70262858701733 -451.412229747345 -2.4009025434594946 0 0 0 1
357559.0 288.08611674390033 -451.298842366809 -2.4674044673099758 0 0 0 1
357560.0 299.81544585161714 -451.1549313528015 -2.5478718304350423 0 0 0 1
357561.0 311.82904398248917 -451.029320871844 -2.6013022884285704 0 0 0 1
357562.0 323.9718918518391 -450.9138704165514 -2.5837027140661064 0 0 0 1
357563.0 336.2044488838484 -450.7763687219625 -2.5930767324449846 0 0 0 1
357564.0 348.51512992357755 -450.6859478250653 -2.570419580195363 0 0 0 1
357565.0 360.8260578640482 -450.5538975204882 -2.4337414927166776 0 0 0 1
357566.0 372.8791344098571 -450.5311381713599 -2.5960469699700752 0 0 0 1
357567.0 384.7431614695489 -450.5035695966873 -2.4043413698232143 0 0 0 1
357568.0 396.28833842142933 -450.48264952891174 -2.33763304203913 0 0 0 1
357569.0 407.53745029542154 -450.4354963972211 -2.2829245811596195 0 0 0 1
357570.0 418.4699524498628 -450.3709051404869 -2.2012182970279923 0 0 0 1
357571.0 429.0707448351315 -450.2744827755406 -2.2555178571363115 0 0 0 1
357572.0 439.5996215753018 -449.9492501031776 -2.2778208308395733 0 0 0 1
357573.0 450.11377587928575 -449.22685373328295 -2.21413534193249 0 0 0 1
357574.0 460.3409301845014 -448.1276337158997 -2.161479635468112 0 0 0 1
357575.0 470.20575217925966 -446.9441679041896 -2.07184000424445 0 0 0 1
357576.0 479.5473371165231 -445.7858697455887 -2.0152226011841208 0 0 0 1
357577.0 488.33542016206434 -444.9668268378953 -1.9686101886126437 0 0 0 1
357578.0 496.8086252796745 -444.4658504320964 -1.8949880108124262 0 0 0 1
357579.0 504.9346961026264 -444.00166253703276 -1.8533795362369005 0 0 0 1
357580.0 512.6221611064489 -443.23503967269295 -1.8728170506555841 0 0 0 1
357581.0 519.7893467988947 -441.93241917081593 -1.766324896524111 0 0 0 1
357582.0 526.3973553429074 -439.7489042229215 -1.743931495266338 0 0 0 1
357583.0 532.4629711645628 -436.71506178681256 -1.6506341921007106 0 0 0 1
357584.0 537.8932266395984 -432.8397208848263 -1.6094406053154842 0 0 0 1
357585.0 542.4596801490865 -427.9024806964329 -1.5573851190642074 0 0 0 1
357586.0 545.6144204448526 -421.9630306819975 -1.5315102799081899 0 0 0 1
357587.0 547.4054118607103 -415.44588200702646 -1.521783644250064 0 0 0 1
357588.0 548.576510371843 -408.2347714884065 -1.4671478333376058 0 0 0 1
357589.0 549.2312108230224 -400.33306874608013 -1.423591679112178 0 0 0 1
357590.0 549.5035180600593 -391.6460106573996 -1.3711070003300847 0 0 0 1
357591.0 549.5203432332773 -382.0833872451916 -1.2986850624637043 0 0 0 1
357592.0 549.5134735864071 -371.7603368759052 -1.2572951796506118 0 0 0 1
357593.0 549.5910943710995 -361.4592996002432 -1.1338800451602253 0 0 0 1
357594.0 549.674448286817 -351.0352196654491 -1.0904545604986993 0 0 0 1
357595.0 549.7824595192071 -340.3991545315946 -1.0300212256943837 0 0 0 1
357596.0 549.8065730925325 -329.5773910367459 -0.9345870210055125 0 0 0 1
357597.0 549.7490135982974 -318.8495258799066 -0.9161368486792014 0 0 0 1
357598.0 549.6982050032095 -308.0865258665641 -0.7806697605474255 0 0 0 1
357599.0 549.6821765521513 -297.24744113677843 -0.7101850595947212 0 0 0 1
357600.0 549.6665046266746 -286.34438117721163 -0.6826847920989394 0 0 0 1
357601.0 549.6239592153427 -275.6144577783294 -0.5961607551616339 0 0 0 1
357602.0 549.3820291982266 -265.22631300274566 -0.5286217412569272 0 0 0 1
357603.0 549.0314265939336 -255.18635700916286 -0.4280612969641311 0 0 0 1
357604.0 548.7541279295782 -245.50455845790134 -0.4154649471781795 0 0 0 1
357605.0 548.5837094236472 -236.110922216425 -0.35083401867183284 0 0 0 1
357606.0 548.4438405768113 -226.68423061900592 -0.28718779991194765 0 0 0 1
357607.0 548.2941217211678 -216.94659445784697 -0.2645390837416244 0 0 0 1
357608.0 548.1027214034385 -207.39147050341072 -0.25387317872809945 0 0 0 1
357609.0 547.7778170337078 -197.82454522803215 -0.2122048476755083 0 0 0 1
357610.0 547.3005224219362 -188.10932898855287 -0.21853966574437322 0 0 0 1
357611.0 546.6257842990188 -178.6845824120642 -0.06186852997910819 0 0 0 1
357612.0 545.8228629394382 -169.31378119653098 0.012807000811250191 0 0 0 1
357613.0 544.9295292601778 -159.47496321525023 0.0354769266951962 0 0 0 1
357614.0 543.9853917559799 -149.56988021590848 0.10915623721223255 0 0 0 1
357615.0 543.1486197530352 -139.8969662505508 0.10086532036655171 0 0 0 1
357616.0 542.5236846274647 -130.53238042920935 0.1876135579373397 0 0 0 1
357617.0 541.9186277327153 -121.45504855773234 0.2663827486665866 0 0 0 1
357618.0 541.1464080389159 -112.71209688564414 0.2971565570216228 0 0 0 1
357619.0 540.2790783902794 -104.38130031728859 0.35694106948693616 0 0 0 1
357620.0 539.6520524211023 -96.62921677166499 0.39876571625683255 0 0 0 1
357621.0 539.169434606977 -89.35152674625539 0.40961871774700853 0 0 0 1
357622.0 538.6403341161682 -82.48581844003162 0.5004814211419273 0 0 0 1
357623.0 537.4967353626048 -75.99671926533995 0.5113039966152542 0 0 0 1
357624.0 535.5139198511046 -70.21181777387504 0.5040702710726066 0 0 0 1
357625.0 532.5865994013575 -65.29490770843995 0.5217719630936699 0 0 0 1
357626.0 528.8209410568479 -61.11824400129312 0.5934159836715196 0 0 0 1
357627.0 523.8131260822256 -57.476548016609314 0.6669672067758654 0 0 0 1
357628.0 517.86161287512 -54.982829293497204 0.6484572309692851 0 0 0 1
357629.0 511.6738015042426 -53.334685394756946 0.5329417738374786 0 0 0 1
357630.0 505.23350010542833 -52.122350286052324 0.5044162245146708 0 0 0 1
357631.0 498.8787432762158 -51.15837597466491 0.4359061404643114 0 0 0 1
357632.0 492.5045645222219 -50.33119109442862 0.36440213032801694 0 0 0 1
357633.0 486.0959909294238 -49.62043612357908 0.37590289669523713 0 0 0 1
357634.0 479.66735648033523 -49.13706016234559 0.3374104394616211 0 0 0 1
357635.0 472.8165526480049 -48.82518274346353 0.3188943937812212 0 0 0 1
357636.0 465.348455564171 -48.55891434199168 0.2853408458430522 0 0 0 1
357637.0 457.8259132549242 -48.40062629495809 0.2797929822578169 0 0 0 1
357638.0 450.5375998043614 -48.32707769867652 0.24727128147480926 0 0 0 1
357639.0 443.40474393837934 -48.37691271309559 0.2567697301526266 0 0 0 1
357640.0 436.10382908948577 -48.49302115431192 0.34826514979812373 0 0 0 1
357641.0 428.8164940671626 -48.7135200825946 0.295770676470795 0 0 0 1
357642.0 421.7284064573038 -48.86888764481584 0.27629729989430984 0 0 0 1
357643.0 414.8443974776159 -48.97483462166305 0.32784477997637396 0 0 0 1
357644.0 408.1575386222355 -49.04591977480304 0.4504121228733595 0 0 0 1
357645.0 401.58412761222866 -49.11853325717401 0.3379936867395088 0 0 0 1
357646.0 394.64536713932375 -49.1151169485147 0.34655875900568844 0 0 0 1
357647.0 386.83256778049514 -49.13000851805715 0.3920782633575186 0 0 0 1
357648.0 378.50688330925755 -49.14439352162027 0.427576789774065 0 0 0 1
357649.0 370.1359693276511 -49.21137719108328 0.44208399834479906 0 0 0 1
357650.0 361.3042207145935 -49.27431066036269 0.4205759796109305 0 0 0 1
357651.0 352.0239929370639 -49.323752891747404 0.45905526413926623 0 0 0 1
357652.0 342.3330062749817 -49.38665185317223 0.46352606289755727 0 0 0 1
357653.0 332.15453099834787 -49.420396729751005 0.4859859095579395 0 0 0 1
357654.0 321.66757639230235 -49.41402939021931 0.47744612899668937 0 0 0 1
357655.0 311.36000587487416 -49.44048612554294 0.4659327033625402 0 0 0 1
357656.0 301.11028332633094 -49.497347567954996 0.4414389861720167 0 0 0 1
357657.0 290.6717656297309 -49.57813250325492 0.4079533511172144 0 0 0 1
357658.0 280.43236438826045 -49.63779838692506 0.3824934939265745 0 0 0 1
357659.0 270.61518777506194 -49.5935712109245 0.3320673121950932 0 0 0 1
357660.0 261.7990052670136 -49.546765595737064 0.285697459230974 0 0 0 1
357661.0 254.04918996483144 -49.54046261357939 0.2843827200794067 0 0 0 1
357662.0 246.6498493434026 -49.5630743491517 0.2950912614136598 0 0 0 1
357663.0 239.53114432077734 -49.62683678852154 0.23681931786641996 0 0 0 1
357664.0 232.62036757659257 -49.69061715539984 0.23156296432773615 0 0 0 1
357665.0 225.3582524716037 -49.88196412611437 0.20830265081181665 0 0 0 1
357666.0 218.04934504817294 -50.60470843596281 0.20005323143040243 0 0 0 1
357667.0 210.9799097400196 -51.639061478742946 0.17982276549729193 0 0 0 1
357668.0 203.72582550522077 -52.53454856673514 0.12359326621087519 0 0 0 1
357669.0 195.55934101516456 -53.14955629667051 0.21334167928154102 0 0 0 1
357670.0 186.419945025279 -53.320824704207894 0.18306829961741755 0 0 0 1
357671.0 176.2184466612779 -53.20522774095616 0.16677612651834295 0 0 0 1
357672.0 164.88143495708812 -52.75919343473898 0.12346801945184893 0 0 0 1
357673.0 152.71103909897639 -52.0968396771662 0.047158319543143534 0 0 0 1
357674.0 140.6230223989239 -51.4570425572208 0.036874013052496935 0 0 0 1
357675.0 128.8300738659598 -50.95869570505947 -0.0013801195610625427 0 0 0 1
357676.0 117.38764515242235 -50.63796656373542 -0.022604446461201633 0 0 0 1
357677.0 106.3170435817363 -50.5286317571957 -0.007800257926042775 0 0 0 1
357678.0 95.48688916695681 -50.708530996003105 0.013029126294732407 0 0 0 1
357679.0 84.84279353642033 -51.159456656014534 0.0458816306725538 0 0 0 1
357680.0 74.144221812647 -51.800239645557504 0.10975290479238708 0 0 0 1
357681.0 63.121172527927556 -52.42856948016859 0.16163892992370066 0 0 0 1
357682.0 52.330642734958 -53.02425639718679 0.1955457853563658 0 0 0 1
357683.0 42.22318023488178 -53.417551359286676 0.2104738328259188 0 0 0 1
357684.0 33.159813630051396 -53.589743895368464 0.1924214945116507 0 0 0 1
357685.0 24.61854485823411 -53.65324829728958 0.14538318222837532 0 0 0 1
357686.0 16.350369776769554 -53.59762660472481 0.021356050023181083 0 0 0 1
357687.0 8.36667321718842 -53.416384838445694 -0.003661002540839231 0 0 0 1
357688.0 0.38540476083587655 -53.2809052701605 -0.06666763419243699 0 0 0 1
357689.0 -8.07117858962605 -53.2057693743176 -0.22066314459198244 0 0 0 1
357690.0 -16.983876290658202 -53.11986981619974 -0.38864628137106827 0 0 0 1
357691.0 -26.3837614873308 -53.08012684705641 -0.3546145225823114 0 0 0 1
357692.0 -35.865549389948 -53.11959593411216 -0.22756773327829904 0 0 0 1
357693.0 -45.48442642432768 -53.18177826974036 -0.028505618783551512 0 0 0 1
357694.0 -55.4041457510301 -53.28479849885513 0.08657401842376444 0 0 0 1
357695.0 -65.53780410948778 -53.41752540826248 0.12067160410983391 0 0 0 1
357696.0 -75.92649882350844 -53.52557298864117 0.019788192704801588 0 0 0 1
357697.0 -86.53478655341331 -53.648853739538566 -0.09407510772944505 0 0 0 1
357698.0 -97.3156297459138 -53.797922491726 -0.2599178311182584 0 0 0 1
357699.0 -108.2524540307931 -53.97707172765909 -0.42173934059442075 0 0 0 1
357700.0 -119.17703959750872 -54.1220600202265 -0.5695425343233467 0 0 0 1
