357474.0 0.3057314713045071 0.06150280416434713 0.09901000789462114 0 0 0 1
357475.0 0.33536452412628204 -0.2262753830309749 0.062010011973451185 0 0 0 1
357476.0 0.47692260227416633 -1.6737521067580654 0.05101023706246827 0 0 0 1
357477.0 0.7368249820361366 -4.259030515191207 0.15601146268503857 0 0 0 1
357478.0 0.9025075111651109 -6.804904503425145 0.10801369128283334 0 0 0 1
357479.0 1.1317477715955153 -10.167851277843615 0.10101819789209437 0 0 0 1
357480.0 1.4206228137356336 -14.883091390026989 -0.04097249208626008 0 0 0 1
357481.0 1.8639648174212051 -21.109595505706956 0.05204517589313151 0 0 0 1
357482.0 2.2808618380269863 -28.402477967210125 -0.045926405757603206 0 0 0 1
357483.0 2.6405161898962604 -35.971171308214416 -0.008888104018387244 0 0 0 1
357484.0 2.778897458587099 -43.400245419897104 -0.0658418613714764 0 0 0 1
357485.0 2.85488016696271 -50.794217390129425 -0.06578727576126431 0 0 0 1
357486.0 2.9983469796100084 -57.84751329612408 -0.09872719110943962 0 0 0 1
357487.0 3.1108528636156736 -64.5439315563701 -0.11266294318979253 0 0 0 1
357488.0 3.3029259660017622 -70.99369497616354 -0.16259437481920336 0 0 0 1
357489.0 3.506501185439245 -77.73115898516475 -0.17251578194091532 0 0 0 1
357490.0 3.820669917578587 -85.21415608230747 -0.19542009717144482 0 0 0 1
357491.0 4.263913479732444 -93.35728008697933 -0.29130592075819495 0 0 0 1
357492.0 4.789369485337498 -101.84624368107882 -0.26617575616715916 0 0 0 1
357493.0 5.397581820014855 -110.6525553268142 -0.33302869607501373 0 0 0 1
357494.0 5.950205527272169 -119.53443911837368 -0.3988680689927002 0 0 0 1
357495.0 6.435074421865494 -128.07932378907347 -0.3827018708770642 0 0 0 1
357496.0 6.878750616913061 -136.33505735025557 -0.3925304295179979 0 0 0 1
357497.0 7.250502862741054 -144.2949767317434 -0.48735505380939825 0 0 0 1
357498.0 7.57644891854245 -151.9448457232248 -0.5201771733533911 0 0 0 1
357499.0 7.884361640747606 -159.48382766919528 -0.4969929018461303 0 0 0 1
357500.0 8.20278320023382 -167.34807245577713 -0.5437911832103004 0 0 0 1
357501.0 8.513377756693288 -175.53268001859823 -0.5645709663670617 0 0 0 1
357502.0 8.879480894120288 -184.0466099841821 -0.5753306775874547 0 0 0 1
357503.0 9.257212742191644 -192.77489670366398 -0.6060725266204328 0 0 0 1
357504.0 9.634524463975911 -201.7826155538375 -0.648793592230942 0 0 0 1
357505.0 10.007614954499385 -211.10587720173203 -0.7114915062776603 0 0 0 1
357506.0 10.29145380571407 -220.69173723582557 -0.7811668555217297 0 0 0 1
357507.0 10.452728953626853 -230.06917316000246 -0.7208355123630472 0 0 0 1
357508.0 10.599094981123578 -239.14612884993682 -0.7585016806622553 0 0 0 1
357509.0 10.718727737665414 -248.16824687270304 -0.7851571143567933 0 0 0 1
357510.0 10.80553409579133 -257.3178561935002 -0.8157947131990619 0 0 0 1
357511.0 10.903968893816316 -266.56850794874623 -0.8744149603350895 0 0 0 1
357512.0 11.01426529746171 -275.92605928872945 -0.9320171587670156 0 0 0 1
357513.0 11.084573932423023 -285.38878098313916 -0.9466010076042686 0 0 0 1
357514.0 11.156402668717496 -295.00163095595354 -0.9991638907174769 0 0 0 1
357515.0 11.190041561890286 -304.7665186900567 -1.0277051084470434 0 0 0 1
357516.0 11.16329742949479 -314.7077714982062 -1.0372228023790413 0 0 0 1
357517.0 11.109600650435835 -324.6315199007591 -1.0947259513892496 0 0 0 1
357518.0 11.012267894015864 -334.2219692610836 -1.1392312088044019 0 0 0 1
357519.0 10.866718519664735 -343.4412610329468 -1.1607421177449408 0 0 0 1
357520.0 10.697031112063634 -352.3081981928518 -1.150259206056183 0 0 0 1
357521.0 10.511653982510817 -361.1993314990532 -1.1997626287435272 0 0 0 1
357522.0 10.368387802885525 -370.05740456281603 -1.1982555121325706 0 0 0 1
357523.0 10.281503045049703 -378.6411636268224 -1.2167522875872434 0 0 0 1
357524.0 10.20305144445034 -386.9409284940732 -1.2352547239027842 0 0 0 1
357525.0 10.079673914941338 -394.9242971614395 -1.2427660228128534 0 0 0 1
357526.0 10.030147617026271 -402.6351784028869 -1.3112844111316804 0 0 0 1
357527.0 10.177427154142668 -410.0703302755111 -1.2778108912195245 0 0 0 1
357528.0 11.038663647471722 -417.1654158143202 -1.2943497384794451 0 0 0 1
357529.0 12.801262145875317 -423.8109816875017 -1.3619086910039195 0 0 0 1
357530.0 15.596281492699053 -430.0218748904792 -1.2844870804349995 0 0 0 1
357531.0 19.6580822274076 -435.83243282343267 -1.2830817463116002 0 0 0 1
357532.0 24.856532658266357 -440.9068173152514 -1.2547150696722404 0 0 0 1
357533.0 30.74095134789571 -444.73202713624744 -1.278423971257972 0 0 0 1
357534.0 37.049133246018286 -447.4014413807133 -1.3392037800538539 0 0 0 1
357535.0 43.97660407455567 -448.9629616996271 -1.3630499662493634 0 0 0 1
357536.0 51.479702613465136 -449.85072458266586 -1.4089310889353897 0 0 0 1
357537.0 59.606492045270066 -450.45620724097137 -1.474817329778741 0 0 0 1
357538.0 68.53935703352387 -451.01677398563913 -1.3596876393462871 0 0 0 1
357539.0 78.18023899285106 -451.6820838675381 -1.3335292526998828 0 0 0 1
357540.0 87.8965536465713 -452.41604722855425 -1.3173502562567734 0 0 0 1
357541.0 97.79284221424896 -453.2211250384176 -1.2741484959489497 0 0 0 1
357542.0 107.8754535767265 -453.9723707818129 -1.315931881720708 0 0 0 1
357543.0 118.10584194829445 -454.43642092525533 -1.3757168800718773 0 0 0 1
357544.0 128.5034087178634 -454.61467986131345 -1.485502345335611 0 0 0 1
357545.0 139.01347158723422 -454.68694286145416 -1.5312758772928419 0 0 0 1
357546.0 149.28252102586254 -454.6984915992775 -1.5750420108707743 0 0 0 1
357547.0 159.28743065561042 -454.5897604038214 -1.6838067369209142 0 0 0 1
357548.0 169.09879175158463 -454.04960826123016 -1.738591558860378 0 0 0 1
357549.0 178.90214581176036 -453.1762672019351 -1.779385067710308 0 0 0 1
357550.0 188.88860037762788 -452.3413371437797 -1.855155162428673 0 0 0 1
357551.0 199.07819157520154 -451.6700637899479 -1.9088915066164844 0 0 0 1
357552.0 209.46518243193702 -451.25918799311165 -1.9925865266700953 0 0 0 1
357553.0 220.12585248104648 -451.0500440590552 -2.065240803191301 0 0 0 1
357554.0 231.14172987728577 -451.0477583335238 -2.1548496528389194 0 0 0 1
357555.0 242.45108157544763 -451.16509902265653 -2.201419749647414 0 0 0 1
357556.0 254.01987295363003 -451.3237745370083 -2.2819564171927738 0 0 0 1
357557.0 265.4971699524728 -451.4512703416764 -2.3574780372014317 0 0 0 1
357558.0 276.7043253746305 -451.42713448756473 -2.4010014166769906 0 0 0 1
357559.0 288.0878135313756 -451.3137470915525 -2.4675033377523903 0 0 0 1
357560.0 299.81714263891627 -451.1698360616263 -2.5479706980813432 0 0 0 1
357561.0 311.83074076963004 -451.04422556429677 -2.601401153160083 0 0 0 1
357562.0 323.97358863881675 -450.9287750922887 -2.583801575824623 0 0 0 1
357563.0 336.2061456706398 -450.7912733809241 -2.5931755912580456 0 0 0 1
357564.0 348.51682671023866 -450.7008524670692 -2.5705184359321436 0 0 0 1
357565.0 360.8277546504915 -450.5688021452678 -2.4338403454743514 0 0 0 1
357566.0 372.88083119631256 -450.54604277996737 -2.596145819562281 0 0 0 1
357567.0 384.7448582559153 -450.51847418855573 -2.4044402163116843 0 0 0 1
357568.0 396.2900352077491 -450.4975541047708 -2.3377318854934686 0 0 0 1
357569.0 407.539147081662 -450.4504009575053 -2.283023421720145 0 0 0 1
357570.0 418.47164923599274 -450.385809685568 -2.2013171348199876 0 0 0 1
357571.0 429.0724416211435 -450.28938730619166 -2.2556166923226044 0 0 0 1
357572.0 439.60131836087317 -449.96415461942263 -2.277919663973705 0 0 0 1
357573.0 450.1154726638482 -449.24175823494147 -2.2142341739456413 0 0 0 1
357574.0 460.34262696754035 -448.1425382033915 -2.1615784673168434 0 0 0 1
357575.0 470.2074489606495 -446.9590723779259 -2.0719388362221878 0 0 0 1
357576.0 479.54903389630726 -445.8007742063651 -2.015321433371838 0 0 0 1
357577.0 488.3371169407113 -444.98173128649523 -1.968709020365992 0 0 0 1
357578.0 496.81032205761403 -444.48075486888916 -1.8950868414728177 0 0 0 1
357579.0 504.93639287991726 -444.01656696256975 -1.8534783658111849 0 0 0 1
357580.0 512.6238578826923 -443.2499440877191 -1.8729158799670529 0 0 0 1
357581.0 519.7910435733208 -441.9473235757515 -1.7664237269631542 0 0 0 1
357582.0 526.3990521143294 -439.76380861873076 -1.7440303290390489 0 0 0 1
357583.0 532.4646679317938 -436.7299661740749 -1.650733031337353 0 0 0 1
357584.0 537.8949234014967 -432.8546252645357 -1.6095394521505568 0 0 0 1
357585.0 542.4613769041913 -427.9173850697502 -1.5574839762077772 0 0 0 1
357586.0 545.6161171917945 -421.9779350509223 -1.531609150077287 0 0 0 1
357587.0 547.4071085987005 -415.4607863734692 -1.5218825291577218 0 0 0 1
357588.0 548.5782070999163 -408.24967585311356 -1.4672467347696738 0 0 0 1
357589.0 549.2329075402336 -400.3479731097865 -1.4236905988190074 0 0 0 1
357590.0 549.5052147653275 -391.66091502060937 -1.3712059402475063 0 0 0 1
357591.0 549.522039925395 -382.0982916082092 -1.2987840247043323 0 0 0 1
357592.0 549.5151702643384 -371.77524123883563 -1.2573941659962031 0 0 0 1
357593.0 549.5927910348526 -361.47420396277886 -1.1339790555368552 0 0 0 1
357594.0 549.6761449362443 -351.0501240277689 -1.090553595192091 0 0 0 1
357595.0 549.784156154013 -340.414058893625 -1.0301202851929077 0 0 0 1
357596.0 549.8082697124526 -329.5922953985204 -0.9346861057652518 0 0 0 1
357597.0 549.7507102034813 -318.86443024171706 -0.9162359585026536 0 0 0 1
357598.0 549.6999015935776 -308.10143022812804 -0.7807688955148535 0 0 0 1
357599.0 549.6838731276166 -297.2623454981998 -0.7102842198744668 0 0 0 1
357600.0 549.6682011871607 -286.35928553859026 -0.6827839778403018 0 0 0 1
357601.0 549.6256557610714 -275.6293621395645 -0.596259965967505 0 0 0 1
357602.0 549.3837257296725 -265.2412173641552 -0.5287209763825729 0 0 0 1
357603.0 549.033123111566 -255.20126137081908 -0.428160555625567 0 0 0 1
357604.0 548.7558244339123 -245.51946281990888 -0.4155642285195711 0 0 0 1
357605.0 548.5854059150649 -236.12582657851567 -0.35093332199187444 0 0 0 1
357606.0 548.4455370552676 -226.6991349811401 -0.2872871252795903 0 0 0 1
357607.0 548.2958181862464 -216.96149882013384 -0.2646384318855439 0 0 0 1
357608.0 548.1044178553932 -207.40637486593545 -0.2539725492332252 0 0 0 1
357609.0 547.7795134725143 -197.83944959090582 -0.212304240605107 0 0 0 1
357610.0 547.3022188474037 -188.12423335209675 -0.2186390814853496 0 0 0 1
357611.0 546.6274807115025 -178.69948677616878 -0.06196796790601411 0 0 0 1
357612.0 545.8245593390341 -169.32868556156376 0.012707540790188432 0 0 0 1
357613.0 544.9312256462572 -159.4898675814568 0.03537744346303384 0 0 0 1
357614.0 543.9870881284381 -149.58478458323947 0.1090567306007415 0 0 0 1
357615.0 543.1503161122129 -139.9118706190502 0.10076579094643989 0 0 0 1
357616.0 542.5253809737599 -130.54728479836436 0.18751400648503136 0 0 0 1
357617.0 541.9203240665247 -121.46995292753427 0.2662831758581774 0 0 0 1
357618.0 541.1481043607114 -112.72700125643463 0.29705696359320655 0 0 0 1
357619.0 540.2807747006193 -104.39620468913047 0.35684145637546294 0 0 0 1
357620.0 539.653748720786 -96.64412114427022 0.39866608487761823 0 0 0 1
357621.0 539.1711308966642 -89.36643111949802 0.4095190692463575 0 0 0 1
357622.0 538.6420303964032 -82.50072281378864 0.5003817564692952 0 0 0 1
357623.0 537.4984316339262 -76.01162364064211 0.5112043164859301 0 0 0 1
357624.0 535.5156161144841 -70.22672215191686 0.5039705769067382 0 0 0 1
357625.0 532.5882956579806 -65.30981209046016 0.5216722566656529 0 0 0 1
357626.0 528.8226373077165 -61.13314838831698 0.593316266485914 0 0 0 1
357627.0 523.8148223280738 -57.4914524103381 0.6668674797500103 0 0 0 1
357628.0 517.8633091175489 -54.99773369544174 0.6483574965316166 0 0 0 1
357629.0 511.67549774443916 -53.349589805468156 0.5328420338992146 0 0 0 1
357630.0 505.2351963439677 -52.13725470567384 0.504316480025949 0 0 0 1
357631.0 498.88043951344974 -51.173280403172626 0.4358063920279278 0 0 0 1
357632.0 492.50626075833907 -50.34609553185622 0.3643023782580599 0 0 0 1
357633.0 486.0976871645619 -49.635340569779984 0.3758031412544369 0 0 0 1
357634.0 479.6690527148199 -49.151964617464046 0.33731068117555196 0 0 0 1
357635.0 472.8182488820662 -48.84008720803264 0.31879463293751087 0 0 0 1
357636.0 465.3501517978756 -48.57381881689419 0.28524108238340773 0 0 0 1
357637.0 457.8276094884129 -48.41553078020337 0.27969321641981537 0 0 0 1
357638.0 450.5392960377578 -48.341982194005936 0.24717151351887878 0 0 0 1
357639.0 443.4064401718416 -48.39181721819756 0.25666996040834533 0 0 0 1
357640.0 436.1055253230831 -48.50792566922574 0.3481653783752847 0 0 0 1
357641.0 428.8181903010767 -48.72842460763782 0.29567090361680926 0 0 0 1
357642.0 421.73010269143646 -48.88379217963778 0.2761975255103266 0 0 0 1
357643.0 414.84609371188037 -48.989739165817625 0.32774500400151396 0 0 0 1
357644.0 408.1592348565648 -49.06082432785371 0.45031234527880315 0 0 0 1
357645.0 401.5858238466877 -49.13343781951366 0.33789390755922 0 0 0 1
357646.0 394.6470633737758 -49.13002152036255 0.3464589779644882 0 0 0 1
357647.0 386.83426401495547 -49.14491310052712 0.39197848026481097 0 0 0 1
357648.0 378.50857954372816 -49.15929811544004 0.4274770044916636 0 0 0 1
357649.0 370.1376655622098 -49.22628179636396 0.44198421098352014 0 0 0 1
357650.0 361.30591694924436 -49.289215277821214 0.4204761900381868 0 0 0 1
357651.0 352.0256891717724 -49.33865752185952 0.4589554722038258 0 0 0 1
357652.0 342.3347025097753 -49.4015564965814 0.46342626852114677 0 0 0 1
357653.0 332.1562272331819 -49.43530138708466 0.4858861125422891 0 0 0 1
357654.0 321.6692726271299 -49.42893406197339 0.47734632916578335 0 0 0 1
357655.0 311.36170210974115 -49.4553908114781 0.4658329008408941 0 0 0 1
357656.0 301.1119795612825 -49.51225226802207 0.4413391810460894 0 0 0 1
357657.0 290.67346186480233 -49.59303721773419 0.40785354339249125 0 0 0 1
357658.0 280.43406062342063 -49.652703115524346 0.3823936836068782 0 0 0 1
357659.0 270.6168840101749 -49.60847595312229 0.33196749915060764 0 0 0 1
357660.0 261.8007015020746 -49.561670350149356 0.2855976437229657 0 0 0 1
357661.0 254.0508861998842 -49.55536737863667 0.2842829024872344 0 0 0 1
357662.0 246.6515455784835 -49.577979124344616 0.29499144189837523 0 0 0 1
357663.0 239.53284055596137 -49.641741573625794 0.2367194965990791 0 0 0 1
357664.0 232.6220638118656 -49.70552195000614 0.23146314136387502 0 0 0 1
357665.0 225.3599487071457 -49.896868930747175 0.20820282635550313 0 0 0 1
357666.0 218.0510412847096 -50.61961325065136 0.1999534067098665 0 0 0 1
357667.0 210.98160597798204 -51.65396630318635 0.17972294130404975 0 0 0 1
357668.0 203.72752174442786 -52.54945340127102 0.12349344217140867 0 0 0 1
357669.0 195.56103725519222 -53.16446114221091 0.21324185449731203 0 0 0 1
357670.0 186.42164126554988 -53.33572956236904 0.18296847279255246 0 0 0 1
357671.0 176.22014290139444 -53.220132613163884 0.1666762966994071 0 0 0 1
357672.0 164.88313119660376 -52.77409832261561 0.12336818556410378 0 0 0 1
357673.0 152.71273533760282 -52.111744581933166 0.04705848085893649 0 0 0 1
357674.0 140.62471863667452 -51.47194747861085 0.03677416964649893 0 0 0 1
357675.0 128.83177010303632 -50.9736006427327 -0.0014799672797778385 0 0 0 1
357676.0 117.38934138906413 -50.65287151717076 -0.02270429798431195 0 0 0 1
357677.0 106.318739818224 -50.54353672579843 -0.007900112660671255 0 0 0 1
357678.0 95.48858540368597 -50.723435979428984 0.012929269088118645 0 0 0 1
357679.0 84.84448977375992 -51.17436165398 0.04578177167644526 0 0 0 1
357680.0 74.14591805084945 -51.81514465806493 0.10965304443553237 0 0 0 1
357681.0 63.122868766978954 -52.44347450769154 0.16153906809038077 0 0 0 1
357682.0 52.332338974818335 -53.03916143944794 0.19544592203246225 0 0 0 1
357683.0 42.2248764752782 -53.43245641539235 0.2103739677212566 0 0 0 1
357684.0 33.16150987068909 -53.60464896396195 0.19232162738880376 0 0 0 1
357685.0 24.62024109897156 -53.66815337772162 0.14528331297298536 0 0 0 1
357686.0 16.35206601746375 -53.61253169680016 0.021256178430024697 0 0 0 1
357687.0 8.368369457640423 -53.43128994154252 -0.003760876689101522 0 0 0 1
357688.0 0.38710100111866397 -53.29581038436419 -0.06676751078831145 0 0 0 1
357689.0 -8.06948234940532 -53.22067450049328 -0.22076302362149658 0 0 0 1
357690.0 -16.982180050510564 -53.13477495500641 -0.3887461629811533 0 0 0 1
357691.0 -26.38206524724682 -53.09503199869138 -0.35471440679529387 0 0 0 1
357692.0 -35.863853149843756 -53.13450109847073 -0.2276676199310952 0 0 0 1
357693.0 -45.4827301841912 -53.19668344684261 -0.02860550785974425 0 0 0 1
357694.0 -55.40244951078289 -53.29970368931028 0.0864741269391942 0 0 0 1
357695.0 -65.53610786906742 -53.432430612553375 0.12057171022912527 0 0 0 1
357696.0 -75.92480258291275 -53.540478207433196 0.01968829630222757 0 0 0 1
357697.0 -86.53309031261793 -53.66375897316357 -0.09417500667696999 0 0 0 1
357698.0 -97.31393350486944 -53.81282774054229 -0.26001773259659444 0 0 0 1
357699.0 -108.25075778945953 -53.991976991871475 -0.4218392445749686 0 0 0 1
357700.0 -119.17534335593659 -54.13696529978543 -0.5696424408826175 0 0 0 1
357701.0 -129.77673760699682 -54.22877537921368 -0.721433909758673 0 0 0 1
357702.0 -140.28470997044892 -54.272575012221594 -0.8632101525206863 0 0 0 1
357703.0 -150.88538438369835 -54.359429786434916 -1.0169664461123205 0 0 0 1
357704.0 -161.8084972912551 -54.47147756426358 -1.1746966243072876 0 0 0 1
357705.0 -173.16742515752077 -54.5934868531254 -1.3063960670955481 0 0 0 1
357706.0 -185.02154715139338 -54.693160469300594 -1.4870609789812903 0 0 0 1
357707.0 -197.13737815809068 -54.76098871062371 -1.6566959224115152 0 0 0 1
357708.0 -209.0072539985146 -54.79519216750168 -1.8153161412491556 0 0 0 1
357709.0 -220.6756202479787 -54.82061695720489 -2.0129212589859407 0 0 0 1
357710.0 -232.16443536761892 -54.841613019879766 -2.161511545687361 0 0 0 1
357711.0 -243.47801350249878 -54.86951356432897 -2.313087710275724 0 0 0 1
357712.0 -254.65502408286386 -54.88416977392382 -2.495649315516374 0 0 0 1
357713.0 -265.7925788844914 -54.87040720590843 -2.6521931485979735 0 0 0 1
357714.0 -276.8871632884846 -54.88469764307302 -2.7847190844947534 0 0 0 1
357715.0 -287.7288206000998 -55.050510618188284 -2.9602357995903503 0 0 0 1
357716.0 -298.14046888728234 -55.48783834818272 -3.0977518479274977 0 0 0 1
357717.0 -308.0947483089455 -56.18365841929346 -3.2122707318312678 0 0 0 1
357718.0 -317.59161676493693 -56.92725780612152 -3.3297964032465757 0 0 0 1
357719.0 -326.6155856924574 -57.580721145795785 -3.410332933793029 0 0 0 1
357720.0 -335.31902451722345 -58.00653757979143 -3.4908755795473496 0 0 0 1
357721.0 -343.69961841387453 -58.27079287200583 -3.6174252278470647 0 0 0 1
357722.0 -351.7388111112514 -58.62977133686083 -3.6439818502813637 0 0 0 1
357723.0 -359.1079165813547 -59.177275843902265 -3.6695644545309847 0 0 0 1
357724.0 -365.69124331735037 -60.373239567682774 -3.7851776500329777 0 0 0 1
357725.0 -371.48458169332343 -62.62144002410769 -3.8928198132292664 0 0 0 1
357726.0 -376.0962941851604 -66.08570394392575 -4.019513502590883 0 0 0 1
357727.0 -379.391605747309 -70.55170432366313 -4.1322697355571165 0 0 0 1
357728.0 -381.60580469117053 -76.29545611789554 -4.246071033336619 0 0 0 1
357729.0 -382.3408657544824 -83.18141169319976 -4.3409408173776285 0 0 0 1
357730.0 -382.36542753503124 -90.97000826242561 -4.375833099959266 0 0 0 1
357731.0 -382.3014667968619 -99.6739865277962 -4.453706980672024 0 0 0 1
357732.0 -382.31348418020355 -109.33333900929152 -4.526548128208873 0 0 0 1
357733.0 -382.50968923880566 -119.30414839862317 -4.677357756792844 0 0 0 1
357734.0 -383.0717420696443 -129.19579376270323 -4.722131359014867 0 0 0 1
357735.0 -384.0349932880114 -139.3666501575329 -4.869859247529348 0 0 0 1
357736.0 -385.22015953731824 -149.30921159956245 -5.02556267423941 0 0 0 1
357737.0 -386.3891651520055 -159.47883417911768 -5.067245711122752 0 0 0 1
357738.0 -387.3696280266514 -170.0208969014231 -5.145913921845846 0 0 0 1
357739.0 -387.9634873654349 -180.72331730133158 -5.268583659803426 0 0 0 1
357740.0 -388.14218882291675 -191.11830187858226 -5.363269994236418 0 0 0 1
357741.0 -388.08313018316187 -201.43041804265545 -5.4599565427562595 0 0 0 1
357742.0 -388.1744784857752 -211.742893226916 -5.572617231050799 0 0 0 1
357743.0 -388.7885442853114 -222.0519396103099 -5.635229404382557 0 0 0 1
357744.0 -389.654170361649 -232.27936888401408 -5.750812414766926 0 0 0 1
357745.0 -390.6867718518346 -242.1700140832849 -5.852381437155401 0 0 0 1
357746.0 -391.74207667984126 -251.75630659838268 -5.969945576214769 0 0 0 1
357747.0 -392.7168388316844 -261.51357217129186 -6.072493125618138 0 0 0 1
357748.0 -393.4586932336345 -271.7249941245036 -6.133020725791766 0 0 0 1
357749.0 -394.07901424688174 -282.38611215619557 -6.230519569474808 0 0 0 1
357750.0 -394.63594637711026 -293.39077030000203 -6.308988708463318 0 0 0 1
357751.0 -395.1137549862477 -304.5577015011037 -6.425436009789394 0 0 0 1
357752.0 -395.5867344457861 -315.430186268528 -6.480878596784521 0 0 0 1
357753.0 -396.10737078005303 -326.0697834832723 -6.5643115591417995 0 0 0 1
357754.0 -396.6367953983455 -336.5135735723218 -6.669736522491348 0 0 0 1
357755.0 -397.1918393837989 -346.6152831724318 -6.752161337273662 0 0 0 1
357756.0 -397.773485556078 -356.3776935128689 -6.913587401750334 0 0 0 1
357757.0 -398.3520127267392 -365.78169018719177 -6.961019228081398 0 0 0 1
357758.0 -398.96204317184305 -374.8366865735704 -7.0694556706276614 0 0 0 1
357759.0 -399.54293668051275 -383.37884597447965 -6.965911862167388 0 0 0 1
357760.0 -400.1055256558523 -390.8023776862194 -7.010426303583927 0 0 0 1
357761.0 -400.6193890312692 -397.22984101559166 -7.222997196047288 0 0 0 1
357762.0 -401.0256053077425 -403.10180785098396 -7.322603472819026 0 0 0 1
357763.0 -401.3053142056742 -408.4683111565075 -7.104244677966278 0 0 0 1
357764.0 -401.58834130891984 -413.46288978336383 -7.284905250643533 0 0 0 1
357765.0 -401.8046263698824 -417.9521226157542 -7.307599230619985 0 0 0 1
357766.0 -402.02573862103077 -421.9881827817901 -7.331319714926593 0 0 0 1
357767.0 -402.23731781455155 -425.6385277086471 -7.330063972730898 0 0 0 1
357768.0 -402.41404263180294 -428.4326214372012 -7.342865867514746 0 0 0 1
357769.0 -402.53765289642473 -430.0776962598559 -7.328747415858288 0 0 0 1
357770.0 -402.6176268941846 -431.27437280948277 -7.363661613127675 0 0 0 1
357771.0 -402.6718843226269 -432.32886328680854 -7.185586844670581 0 0 0 1
357772.0 -402.7855514697492 -433.40574845509616 -7.3645066177982415 0 0 0 1
357773.0 -402.85818533018664 -434.316756873553 -7.381440095521441 0 0 0 1
357774.0 -402.8720696838636 -434.4472960633294 -7.361430330987616 0 0 0 1
357775.0 -402.87052969717087 -434.44190887411986 -7.373430795562683 0 0 0 1
357776.0 -402.8704088996318 -434.44013325458735 -7.3904309234396806 0 0 0 1
357777.0 -402.87275848082413 -434.43776029890944 -7.378430936258212 0 0 0 1
357778.0 -402.8650189028136 -434.4419651905346 -7.357431141879317 0 0 0 1
357779.0 -402.86916684106495 -434.4363389409807 -7.381431260885989 0 0 0 1
357780.0 -402.87246941422933 -434.442619320517 -7.368430624339624 0 0 0 1
357781.0 -402.87362290452177 -434.4402284020146 -7.375430713836835 0 0 0 1
357782.0 -402.87274746098456 -434.4392778951052 -7.380430833342814 0 0 0 1
357783.0 -402.87312422521336 -434.4385669962011 -7.377430859834732 0 0 0 1
357784.0 -402.86872316734843 -434.435772004847 -7.37743132899314 0 0 0 1
357785.0 -402.87017493627206 -434.4373178589674 -7.370431131125599 0 0 0 1
357786.0 -402.87059706486275 -434.4348888348378 -7.382431270306711 0 0 0 1
357787.0 -402.8703747551203 -434.43850912551164 -7.375431036642141 0 0 0 1
357788.0 -402.8729692414766 -434.44095877100153 -7.382430706202797 0 0 0 1
357789.0 -402.87243746755865 -434.43520598295163 -7.384431131448935 0 0 0 1
357790.0 -402.8693327513484 -434.43474417733717 -7.374431358803122 0 0 0 1
357791.0 -402.87197188746677 -434.4359167412437 -7.3854311127507515 0 0 0 1
357792.0 -402.87180607108337 -434.4367336348862 -7.393431066859108 0 0 0 1
357793.0 -402.86968814494 -434.43463922700687 -7.384431343739436 0 0 0 1
357794.0 -402.8705859352849 -434.4391820386876 -7.384430978042332 0 0 0 1
357795.0 -402.8697318043005 -434.4406509680227 -7.377430932702936 0 0 0 1
357796.0 -402.86932257332876 -434.4358112611373 -7.389431287989055 0 0 0 1
357797.0 -402.8675593664169 -434.4377987795334 -7.382431264257775 0 0 0 1
357798.0 -402.8689331173658 -434.43864304961073 -7.368431119861469 0 0 0 1
357799.0 -402.869012102626 -434.4357727652189 -7.388431309989613 0 0 0 1
357800.0 -402.8665726546727 -434.4358873718973 -7.380431456463242 0 0 0 1
357801.0 -402.87109586923276 -434.4429662424901 -7.38643068837743 0 0 0 1
357802.0 -402.867603613306 -434.440228637323 -7.382431096007139 0 0 0 1
357803.0 -402.87040925895917 -434.4359172230227 -7.393431211509068 0 0 0 1
357804.0 -402.8752876973705 -434.44075874201326 -7.405430573046971 0 0 0 1
357805.0 -402.87193838274237 -434.44049786483146 -7.384430803217015 0 0 0 1
357806.0 -402.8716625718447 -434.43709926745106 -7.403431051843654 0 0 0 1
357807.0 -402.8725701396351 -434.44421470696125 -7.38443050915032 0 0 0 1
357808.0 -402.8745117980809 -434.4407972625583 -7.407430618685851 0 0 0 1
357809.0 -402.8699868649327 -434.43703973801075 -7.37643116193729 0 0 0 1
357810.0 -402.84673649912475 -434.4768540643334 -7.181429925627953 0 0 0 1
357811.0 -402.89605722755516 -435.0730167474039 -7.1893861948396705 0 0 0 1
357812.0 -403.09677512398275 -436.9008276087929 -7.370248626583731 0 0 0 1
357813.0 -403.48119163344364 -439.5190979843088 -7.39904448653968 0 0 0 1
357814.0 -404.3539556451161 -443.0120677942253 -7.3967475382748376 0 0 0 1
357815.0 -406.02273930775715 -447.2253601148541 -7.457347301386221 0 0 0 1
357816.0 -408.1820563478679 -451.15209243017284 -7.481932601592803 0 0 0 1
357817.0 -411.13129978300566 -454.8189617828704 -7.523482190717743 0 0 0 1
357818.0 -415.0643222379937 -457.8427848439433 -7.524010247843165 0 0 0 1
357819.0 -419.87065398429127 -459.89265117076246 -7.309547009152141 0 0 0 1
357820.0 -425.8773870645308 -460.97556307094504 -7.510069004354506 0 0 0 1
357821.0 -433.0333799327615 -461.38795045841397 -7.452555389055618 0 0 0 1
357822.0 -441.1568842997082 -461.5621258098432 -7.366983788925637 0 0 0 1
357823.0 -449.53882197924133 -461.6326559460923 -7.307391003482593 0 0 0 1
357824.0 -458.08232714671203 -461.71141398924976 -7.2437749128130235 0 0 0 1
357825.0 -466.965620017981 -461.7742428518491 -7.170123511619835 0 0 0 1
357826.0 -476.1503452618893 -461.82315069028766 -7.121438103685506 0 0 0 1
357827.0 -485.6376265758216 -461.91172461490874 -7.033713420956218 0 0 0 1
357828.0 -495.4265956609383 -462.00932343426666 -6.988950389098363 0 0 0 1
357829.0 -505.49434706242926 -462.0376470498944 -6.783155102722361 0 0 0 1
357830.0 -515.9741778436498 -462.1589040629175 -6.8983036715826245 0 0 0 1
357831.0 -526.7460280587114 -462.2652105046542 -6.7514118198090785 0 0 0 1
357832.0 -537.7308248998982 -462.34558928690956 -6.66348555338061 0 0 0 1
357833.0 -548.7928020162644 -462.6237503916585 -6.539519290106227 0 0 0 1
357834.0 -559.8625010603764 -463.1654988156412 -6.492513950917726 0 0 0 1
357835.0 -570.7407299570607 -463.67767513634664 -6.405508628298406 0 0 0 1
357836.0 -581.3407076401124 -464.1509876833427 -6.404512934750869 0 0 0 1
357837.0 -591.7284059620048 -464.6051474802475 -6.3605206886824135 0 0 0 1
357838.0 -601.7450124104131 -464.98199756526884 -6.2005522199893335 0 0 0 1
357839.0 -611.5351110587503 -465.2311554093534 -6.133599051692443 0 0 0 1
357840.0 -621.0501446875408 -465.38142382480135 -6.051664895671422 0 0 0 1
357841.0 -630.2789205894037 -465.4746047616081 -6.015749057330822 0 0 0 1
357842.0 -639.256285576471 -465.51637974102374 -5.948848862551472 0 0 0 1
357843.0 -648.240546535269 -465.5385620497246 -5.880936706767784 0 0 0 1
357844.0 -657.6279456449997 -465.53297869864787 -5.847972141567368 0 0 0 1
357845.0 -667.3265309084468 -465.4692161199488 -5.69096525884072 0 0 0 1
357846.0 -677.3042878415954 -465.4667050115088 -5.690909340029691 0 0 0 1
357847.0 -687.5225045933134 -465.4655051586766 -5.618811629271875 0 0 0 1
357848.0 -697.68909008491 -465.54145567512876 -5.548697524885142 0 0 0 1
357849.0 -707.6442272693768 -465.6410225924966 -5.456588986558074 0 0 0 1
357850.0 -717.3287457004868 -465.7185567437343 -5.387497018001568 0 0 0 1
357851.0 -726.719202339699 -465.7561082895745 -5.368426851615766 0 0 0 1
357852.0 -735.8507170984146 -465.7970652102284 -5.311372556444553 0 0 0 1
357853.0 -744.7740605059149 -465.81735534708105 -5.272331051634126 0 0 0 1
357854.0 -753.5592517479412 -465.8168565019801 -5.24729492274696 0 0 0 1
357855.0 -762.7623196380874 -465.82430838359977 -5.21519589401413 0 0 0 1
357856.0 -772.5191398866396 -465.82334964925565 -5.029016819606966 0 0 0 1
357857.0 -782.5020859776865 -465.87463070175653 -4.984791094258696 0 0 0 1
357858.0 -792.5603619228442 -466.00458139095815 -4.8815345366633665 0 0 0 1
357859.0 -803.0241983517379 -466.17890431729506 -4.790207549642901 0 0 0 1
357860.0 -813.7178896265743 -466.367959814487 -4.679832802126896 0 0 0 1
357861.0 -824.4025500756828 -466.5409396130599 -4.60144239275769 0 0 0 1
357862.0 -835.1414832901767 -466.5986877029296 -4.53803529349517 0 0 0 1
357863.0 -845.9196911283152 -466.6001711184121 -4.434608919706477 0 0 0 1
357864.0 -856.7776661100496 -466.6404248078794 -4.369150662560116 0 0 0 1
357865.0 -867.7073982797648 -466.7479523940664 -4.306659126698435 0 0 0 1
357866.0 -878.712576100809 -466.8782150252857 -4.21013668071015 0 0 0 1
357867.0 -889.8109139125797 -467.0018280518141 -4.1425826017190275 0 0 0 1
357868.0 -900.9841597118595 -467.032085574274 -4.046005332868901 0 0 0 1
357869.0 -912.1850565911454 -467.02349430046934 -3.958407281811617 0 0 0 1
357870.0 -923.400536856355 -467.00068173095747 -3.9057884007102643 0 0 0 1
357871.0 -934.6138459557129 -467.016677726863 -3.8031471933470016 0 0 0 1
357872.0 -945.829909823188 -467.02570367382737 -3.73848629388732 0 0 0 1
357873.0 -956.9456981179612 -467.07297101907466 -3.6728178963768983 0 0 0 1
357874.0 -967.8083121026123 -467.24649668652546 -3.5591593859417117 0 0 0 1
357875.0 -978.3882083303839 -467.6241234993174 -3.4985109028212946 0 0 0 1
357876.0 -988.6331433236385 -468.1747505934841 -3.3708842305471194 0 0 0 1
357877.0 -998.6107279315396 -468.7764230418936 -3.337279277727589 0 0 0 1
357878.0 -1008.2767209385731 -469.3931020871175 -3.265706958174121 0 0 0 1
357879.0 -1017.6672774557379 -469.8955428023435 -3.2131724182071366 0 0 0 1
357880.0 -1026.7757367859876 -470.3501391544022 -3.1406730862305494 0 0 0 1
357881.0 -1035.6634462552506 -470.7583619165733 -3.031200077958829 0 0 0 1
357882.0 -1044.367288168837 -471.25213119771615 -2.9817385274700428 0 0 0 1
357883.0 -1052.8615586375333 -471.91947697464957 -2.908286923074286 0 0 0 1
357884.0 -1061.1259825244474 -472.5971394786619 -2.842861528355229 0 0 0 1
357885.0 -1068.7723172039366 -473.13166364156496 -2.75753994849606 0 0 0 1
357886.0 -1075.3423738665515 -473.5341939057198 -2.7074012138158423 0 0 0 1
357887.0 -1081.5094700362174 -474.1253560235852 -2.6793102756175244 0 0 0 1
357888.0 -1087.2806882497584 -475.48019400395333 -2.6172242346997336 0 0 0 1
357889.0 -1092.5170718762374 -477.73568238558164 -2.5991573385826996 0 0 0 1
357890.0 -1097.0131047684433 -480.8036191504284 -2.5881520960621174 0 0 0 1
357891.0 -1100.6639765933583 -484.47986460521525 -2.647242568194031 0 0 0 1
357892.0 -1103.688454085767 -488.9914687354827 -2.6793737612061364 0 0 0 1
357893.0 -1106.152989180163 -494.6716664099215 -2.7265074169596346 0 0 0 1
357894.0 -1107.8908266680935 -501.0090816999451 -2.7977103063366826 0 0 0 1
357895.0 -1109.1543180703163 -507.96285665592353 -2.8869402621102154 0 0 0 1
357896.0 -1110.1412118773037 -515.6338940183899 -2.9391528450564124 0 0 0 1
357897.0 -1110.6527656129483 -524.0761012500128 -3.025375925662388 0 0 0 1
357898.0 -1110.6933605944128 -533.1924732744166 -3.078613894243972 0 0 0 1
357899.0 -1110.5541353099359 -542.6227677609535 -3.11284361175251 0 0 0 1
357900.0 -1110.5573749085356 -551.8125292858315 -3.1760552854090065 0 0 0 1
357901.0 -1110.6818661387638 -561.1729830891865 -3.227217523181878 0 0 0 1
357902.0 -1110.8000665114118 -571.0921572333489 -3.2733171755699004 0 0 0 1
357903.0 -1110.8761993448072 -580.8222029391175 -3.336425981559273 0 0 0 1
357904.0 -1110.9272670336532 -590.3938743564438 -3.402538988620506 0 0 0 1
357905.0 -1110.924276192357 -599.9431314158857 -3.4296492049237486 0 0 0 1
357906.0 -1110.8027666834432 -609.5099938955018 -3.523764183346998 0 0 0 1
357907.0 -1110.4057572936163 -618.872250375377 -3.533932828129082 0 0 0 1
357908.0 -1109.8162997870595 -627.9122864389064 -3.5801530470467924 0 0 0 1
357909.0 -1109.0742026744767 -636.9580281537877 -3.6323864965892767 0 0 0 1
357910.0 -1108.1613873023955 -646.1235685594811 -3.6816247032307956 0 0 0 1
357911.0 -1107.2053815078064 -655.1368428560799 -3.6638727741495813 0 0 0 1
357912.0 -1106.2613637836005 -664.3791704426005 -3.729082054251762 0 0 0 1
357913.0 -1105.476896233668 -673.6752452339468 -3.7932443739194923 0 0 0 1
357914.0 -1105.0128427190766 -682.6752580931889 -3.8243689944310972 0 0 0 1
357915.0 -1104.81933188614 -691.3080992486725 -3.883473613880142 0 0 0 1
357916.0 -1104.3956147558242 -699.4808211931468 -3.977657018427692 0 0 0 1
357917.0 -1103.1922173684447 -706.8932673360439 -4.02504962787674 0 0 0 1
357918.0 -1100.8659439034964 -713.0788150787796 -4.131765279953186 0 0 0 1
357919.0 -1097.4812802637366 -718.1247525416438 -4.181785345303979 0 0 0 1
357920.0 -1093.362667591031 -722.1643289297563 -4.262039923761165 0 0 0 1
357921.0 -1088.2904574806553 -725.5608696200072 -4.3765258510254625 0 0 0 1
357922.0 -1082.031287960165 -728.3391441426686 -4.399278797744387 0 0 0 1
357923.0 -1074.7821495441895 -730.6637404150039 -4.471243902360641 0 0 0 1
357924.0 -1066.7818420638123 -732.2670760132046 -4.587408862600114 0 0 0 1
357925.0 -1058.3961858855173 -733.1984073046733 -4.716704786786465 0 0 0 1
357926.0 -1049.5329050226276 -733.7449431698267 -4.80111268060665 0 0 0 1
357927.0 -1040.0143286247 -734.1208142842761 -4.960635118077846 0 0 0 1
357928.0 -1029.8787579731456 -734.4572911736991 -5.1092478701730215 0 0 0 1
357929.0 -1019.2787067017116 -734.7943437622937 -5.280918917153713 0 0 0 1
357930.0 -1008.3182049604555 -735.0777088599584 -5.4446356684138095 0 0 0 1
357931.0 -997.334768564039 -735.2660981303653 -5.587348034126762 0 0 0 1
357932.0 -986.6999898225813 -735.3460118853648 -5.693999747374505 0 0 0 1
357933.0 -976.2852724423714 -735.38872304271 -5.807604119726079 0 0 0 1
357934.0 -965.7186699361594 -735.4557674905698 -5.968211707265311 0 0 0 1
357935.0 -954.9078132092545 -735.5101122647723 -6.086839904296937 0 0 0 1
357936.0 -943.9174052757211 -735.4969754730103 -6.318484159623324 0 0 0 1
357937.0 -932.8423662797021 -735.4564887022746 -6.468124980052892 0 0 0 1
357938.0 -921.6588557154994 -735.408402736228 -6.580763104859727 0 0 0 1
357939.0 -910.5996325952367 -735.4178241501306 -6.658357096042835 0 0 0 1
357940.0 -899.805765047678 -735.3970739699058 -6.799897723325046 0 0 0 1
357941.0 -889.2732019169912 -735.4266111226805 -6.933377637916749 0 0 0 1
357942.0 -878.9734820793732 -735.4870376638385 -7.105804312485304 0 0 0 1
357943.0 -868.8855594773356 -735.5466227482051 -7.187185412027361 0 0 0 1
357944.0 -858.9947463008222 -735.604040218895 -7.346524087137993 0 0 0 1
357945.0 -849.1783662118715 -735.5942090966687 -7.485845159434234 0 0 0 1
357946.0 -839.444851741322 -735.5713091401824 -7.6021416159442765 0 0 0 1
357947.0 -829.8245368356328 -735.5197842066392 -7.70541166452665 0 0 0 1
357948.0 -820.3549042879836 -735.4782982140329 -7.82164652838253 0 0 0 1
357949.0 -811.2091329987796 -735.4496899398152 -7.979824437913294 0 0 0 1
357950.0 -802.3826689172101 -735.4301854695595 -8.021947801506371 0 0 0 1
357951.0 -793.8897374924717 -735.3799463116702 -8.11602076142401 0 0 0 1
357952.0 -785.7943629949239 -735.3191875853624 -8.20303440777343 0 0 0 1
357953.0 -778.152860982842 -735.4242511592971 -8.275963049590018 0 0 0 1
357954.0 -770.8966728515975 -735.9394735594851 -8.359788470252454 0 0 0 1
357955.0 -764.0414988965705 -737.1511458052528 -8.452476952247196 0 0 0 1
357956.0 -757.1632682489005 -739.3858049110195 -8.594042149794632 0 0 0 1
357957.0 -750.643353943686 -742.80696348928 -8.70841883089679 0 0 0 1
357958.0 -745.278341359981 -747.4757602820796 -8.80550561693019 0 0 0 1
357959.0 -741.6150499148055 -753.4342752488612 -8.915233908914558 0 0 0 1
357960.0 -739.9241925465784 -760.6951335619322 -8.98657000741838 0 0 0 1
357961.0 -739.290335248049 -768.6812407475578 -9.054687173124364 0 0 0 1
357962.0 -738.9184145166718 -777.1672076791968 -9.2467029826297 0 0 0 1
357963.0 -738.5463826820779 -786.3708029608867 -9.368619143108106 0 0 0 1
357964.0 -738.116504595316 -796.4439799656687 -9.541420302041502 0 0 0 1
357965.0 -737.5768734907992 -807.4568130707295 -9.720099498475406 0 0 0 1
357966.0 -736.9435129513023 -818.8377663656884 -9.880723314139914 0 0 0 1
357967.0 -736.3184499013013 -830.5142209450696 -10.192287381067786 0 0 0 1
357968.0 -735.718267551892 -842.6497641384881 -10.376766561361194 0 0 0 1
357969.0 -735.090072693144 -855.3248006738988 -10.584153595393047 0 0 0 1
357970.0 -734.4408149158005 -868.4894413673724 -10.784451243717001 0 0 0 1
357971.0 -733.7912440182945 -881.6567446334257 -11.005721346622181 0 0 0 1
357972.0 -733.1079338286652 -894.5594518558568 -11.235005200730825 0 0 0 1
357973.0 -732.4248050768913 -907.7323582908248 -11.444224466548349 0 0 0 1
357974.0 -731.721385320754 -921.1711356355993 -11.669380452459961 0 0 0 1
357975.0 -731.0224072258359 -934.4140625858925 -11.859536230654726 0 0 0 1
357976.0 -730.2962285986556 -947.3825969490501 -11.92670831255299 0 0 0 1
357977.0 -729.5407743131499 -960.027510017332 -11.902906002988743 0 0 0 1
357978.0 -728.7586477678534 -972.4098840850037 -11.713121610072449 0 0 0 1
357979.0 -728.0016052016008 -984.4961158090365 -11.475355906191908 0 0 0 1
357980.0 -727.3196829530469 -996.1454973800351 -11.207626810061242 0 0 0 1
357981.0 -726.7221206054925 -1007.2910790211317 -10.982946250053203 0 0 0 1
357982.0 -726.1530251650811 -1017.9246585950755 -10.710324577088898 0 0 0 1
357983.0 -725.5306983400092 -1028.0501731124987 -10.432773065043534 0 0 0 1
357984.0 -724.8470980883902 -1037.783670116349 -10.194276165589997 0 0 0 1
357985.0 -724.1506114796629 -1047.0173289205493 -9.959847821878554 0 0 0 1
357986.0 -723.4079895497298 -1055.908853410496 -9.73946789769775 0 0 0 1
357987.0 -722.5944269854838 -1064.544280666458 -9.54912628856431 0 0 0 1
357988.0 -721.6175724625698 -1072.5867752679203 -9.34489109951943 0 0 0 1
357989.0 -720.9762213170266 -1079.7777185969148 -9.179751648214221 0 0 0 1
357990.0 -720.7351274377031 -1086.5785842663201 -9.0566250369763 0 0 0 1
357991.0 -720.8096678867447 -1093.2562262250422 -8.984476468326136 0 0 0 1
357992.0 -720.9993428603584 -1099.8370572031795 -8.91232452307463 0 0 0 1
357993.0 -721.3350714671527 -1106.5608400546685 -8.85912442687794 0 0 0 1
357994.0 -721.7873744081543 -1113.4401733275488 -8.825876856488776 0 0 0 1
357995.0 -721.966317057653 -1120.2497749231807 -8.767665154471558 0 0 0 1
357996.0 -721.815755240512 -1127.2790069701255 -8.714444853422663 0 0 0 1
357997.0 -721.4455511985734 -1134.4526915929732 -8.69221609412483 0 0 0 1
357998.0 -721.0725144603807 -1141.5035778628792 -8.645001531061439 0 0 0 1
