0.0 0.002158875847259021 0.015661507710988874 0.01925548998407939 0 0 0 1
0.1 0.004887888124670597 0.014322391777422 0.012442527534482295 0 0 0 1
0.2 0.004652429342780491 -0.0001942672931176618 -0.014974551024048311 0 0 0 1
0.3 0.03926650374816578 0.0031639170227351562 0.04019205862724635 0 0 0 1
0.4 0.04936561451691465 -0.016526064363187057 0.026217825774285382 0 0 0 1
0.5 0.07502625464699442 0.01226971136389383 0.007384519407773182 0 0 0 1
0.6 0.134116160632997 0.0006506921436012763 -0.04869441630278824 0 0 0 1
0.7 0.18442357043550964 -0.0005455405148377113 -0.033998962497765996 0 0 0 1
0.8 0.24119443899078558 0.009891478975449331 -0.02755797482097473 0 0 0 1
0.9 0.34985450499894155 0.013970398264928068 0.016681465434696785 0 0 0 1
1.0 0.4214143994165775 0.005559012263497601 -0.004555738561555889 0 0 0 1
1.1 0.5145802294145122 0.01696138637435693 -0.03573831148455264 0 0 0 1
1.2 0.6158502710679074 -0.006649874290796096 0.013915398440278559 0 0 0 1
1.3 0.7430833665912565 0.017650905037190995 -0.00795801505618221 0 0 0 1
1.4 0.8555415133561376 0.010095731469696667 -0.020783608200182435 0 0 0 1
1.5 0.9962177828094203 0.011852630516578977 0.008214691686087294 0 0 0 1
1.6 1.1306986021053727 -0.006092021069334236 0.024111858937707342 0 0 0 1
1.7 1.2845851137721862 0.0024960298131380954 -0.000494383479296312 0 0 0 1
1.8 1.4546512496947885 -0.007393520178538671 -0.005967208249342826 0 0 0 1
1.9 1.6245755576744159 -0.00237318395298336 0.00749166349799657 0 0 0 1
2.0 1.8088099122638863 -0.007474746127125176 -0.017737746247424968 0 0 0 1
2.1 2.0107064667290944 -0.006126562572820626 0.012448568475611377 0 0 0 1
2.2 2.212944264065131 -0.003188538753917336 0.013027781106837555 0 0 0 1
2.3 2.436669180520558 -0.002753249753731757 0.027722100947540573 0 0 0 1
2.4 2.6641694795876267 -0.003125303040404259 -0.009032060282315513 0 0 0 1
2.5 2.874647467745856 -0.017741590928118556 -0.0055232364171389214 0 0 0 1
2.6 3.1585556748215047 0.011160258946854129 0.01489513237249418 0 0 0 1
2.7 3.3990538161846997 -0.0034524328553815486 0.00406995121721776 0 0 0 1
2.8 3.6484051303903415 0.00010947491514834429 -0.02481246205733978 0 0 0 1
2.9 3.9499678112014824 -0.004953473815690113 0.011291785167636403 0 0 0 1
3.0 4.222194282375257 0.004040732308908668 0.015247477394126907 0 0 0 1
3.1 4.520394215265533 -0.007253842829965107 0.02189525399172143 0 0 0 1
3.2 4.836844121463869 0.022908296391380145 0.020114290743587837 0 0 0 1
3.3 5.145870024246557 -0.004834051674823647 0.02145642092511979 0 0 0 1
3.4 5.469907766408869 -0.005630950403151536 0.011185484990848593 0 0 0 1
3.5 5.789961822312156 -0.0047609717226171355 -0.02149136747206537 0 0 0 1
3.6 6.149940092765847 0.019498047532202856 -0.012984237162057877 0 0 0 1
3.7 6.518318942793272 -0.015393417636810902 -0.019968583309545984 0 0 0 1
3.8 6.8683188867264136 -0.01087721688634069 0.023596977783350237 0 0 0 1
3.9 7.234620912359132 -0.002131455918364722 -0.0033187253945805573 0 0 0 1
4.0 7.62221883735723 0.005923900984813768 0.016888432070727433 0 0 0 1
4.1 8.025166752169145 -0.008544594625782942 -0.0012962950808703688 0 0 0 1
4.2 8.423826722109366 -0.0036709380945514347 0.029820706857177193 0 0 0 1
4.3 8.84048885843798 -0.011048756012012273 0.014335835588228374 0 0 0 1
4.4 9.261996702679763 0.0005759894660744003 0.02052734379169774 0 0 0 1
4.5 9.708795066147601 0.006777499053400193 0.012266871679745606 0 0 0 1
4.6 10.153588657617846 -0.010383727081290761 0.014080114186914017 0 0 0 1
4.7 10.60520811601054 -0.0019661272173419064 -0.016314917327753697 0 0 0 1
4.8 11.059041480526192 0.007794171476151579 0.009557519623209387 0 0 0 1
4.9 11.562173602984902 -0.0006829957943681464 0.002071260182194834 0 0 0 1
5.0 12.010932425660931 -0.024761735096227255 -0.0038554012173186436 0 0 0 1
5.1 12.52838644222036 0.013225172679043773 0.004751307015250283 0 0 0 1
5.2 13.04523050105757 0.016725260531262442 -0.025421086254771907 0 0 0 1
5.3 13.549335407990217 -0.006189723214056642 -0.04293326808838138 0 0 0 1
5.4 14.05689515765263 0.004177858749424335 0.027876950172451842 0 0 0 1
5.5 14.598265482527633 -0.0013304055200387133 0.00983381204855771 0 0 0 1
5.6 15.172757782632422 -0.0032179351264378653 0.014590111991833687 0 0 0 1
5.7 15.705931931695627 -0.0031650919837939995 -0.011709971467984026 0 0 0 1
5.8 16.27884740057966 -0.013370898150442567 0.03267948815388522 0 0 0 1
5.9 16.870776237106472 -0.001804496459243854 0.020127056046614022 0 0 0 1
6.0 17.42884485799877 -0.014742344216163161 0.009513894530060796 0 0 0 1
6.1 18.047793154000168 -0.00918444274880148 -0.018527701699444066 0 0 0 1
6.2 18.64154342021055 0.002175817017038728 -0.019112513200633785 0 0 0 1
6.3 19.242625173802764 0.0010157702698907478 -0.004032608792931214 0 0 0 1
6.4 19.877946289198327 -0.00213801756680132 0.0012923651818788073 0 0 0 1
6.5 20.535130110694546 0.006238105266812344 0.008439245389377348 0 0 0 1
6.6 21.162722720730756 -0.0036055811111017633 -0.012460353125780088 0 0 0 1
6.7 21.821230068316 0.0046216917266486135 -0.0027688746612266613 0 0 0 1
6.8 22.47608197524607 0.00360449970873411 -0.01905163819807676 0 0 0 1
6.9 23.172268613208864 -0.01619024275112757 -0.0011935136847895933 0 0 0 1
7.0 23.848532738138232 -0.009677248829412122 0.026015937570887715 0 0 0 1
7.1 24.560794580366604 -0.013736165501040176 0.023715988440482505 0 0 0 1
7.2 25.236014123777515 -0.006239898365767438 -0.0001544626369121005 0 0 0 1
7.3 25.95421332758845 0.004000630694960705 0.004656758118960269 0 0 0 1
7.4 26.680314752911357 -0.001203003969663996 -0.01871798793285606 0 0 0 1
7.5 27.41370189197177 -0.0035646900822845495 0.045743556869044966 0 0 0 1
7.599999999999999 28.186985374996006 -0.02155199564949406 0.01397182742965164 0 0 0 1
7.7 28.92047029257293 0.004583278241284461 0.01377929483401985 0 0 0 1
7.8 29.69121566944412 -0.004647999177926465 0.0008313447954115816 0 0 0 1
7.9 30.463769641805435 0.006733878733320431 -0.005524164323498226 0 0 0 1
8.0 31.22683117040933 0.01232759984275944 0.0040205423638575155 0 0 0 1
8.099999999999998 32.04295278059448 0.013174495799251673 -0.03303495503060638 0 0 0 1
8.199999999999998 32.85672105691057 -0.010181989797970914 -0.022852982593329685 0 0 0 1
8.3 33.64916134858336 0.0010034986188269812 0.013110376139682245 0 0 0 1
8.4 34.50196684800138 -0.012050715131700862 -0.02518854885969013 0 0 0 1
8.5 35.311454346474214 -0.018111664747202383 -0.007011059755315685 0 0 0 1
8.599999999999998 36.176733389386044 -0.0075473265193037875 -0.013127264482815093 0 0 0 1
8.699999999999998 37.00820237482297 -0.002177871101782358 -0.029414920739753825 0 0 0 1
8.8 37.900041400291464 -0.0031753668627159115 0.0026988970457288985 0 0 0 1
8.9 38.77628169879253 0.0020518389134425163 -0.023545401343866956 0 0 0 1
9.0 39.64857881905324 0.011399893844047604 0.01888728691471897 0 0 0 1
9.1 40.55090230370407 0.027470137842906084 0.03270550311337317 0 0 0 1
9.2 41.44913344437474 0.006853692480432549 -0.0032434317528995393 0 0 0 1
9.3 42.37087757685862 0.02810485114385486 0.0015238150787766358 0 0 0 1
9.4 43.298932298444235 0.021645200442911516 0.0071597613160463425 0 0 0 1
9.5 44.23141053669631 0.00024637216866274514 0.002904514189022933 0 0 0 1
9.6 45.172257021586354 0.0051737485588283505 -0.00727379710778564 0 0 0 1
9.7 46.139877148077666 0.01780986180121147 -0.031659491231501136 0 0 0 1
9.8 47.094191368431254 -0.020075284996901033 0.010177628592920485 0 0 0 1
9.9 48.04439183324914 -0.004629459696852578 -0.01667838834735491 0 0 0 1
10.0 49.042102438625435 0.013163589127312747 0.028367449337924455 0 0 0 1
10.1 50.05372487353555 -0.0067628960632521995 0.018824185339802568 0 0 0 1
10.2 51.041404951777324 -0.016995385697164522 0.012164862425066758 0 0 0 1
10.3 52.0879435362917 -0.0014250394429975444 -0.011367176134836399 0 0 0 1
10.4 53.08351263509108 -0.003171300960326917 -0.008039342561705354 0 0 0 1
10.5 54.15010424683951 -0.016395203236729827 -0.00325130437710186 0 0 0 1
10.6 55.19100778641759 -0.008733384360521512 -0.0014219191298074918 0 0 0 1
10.7 56.24528334530617 -0.007714015350332559 0.009379245984433737 0 0 0 1
10.8 57.30052622412089 0.01894732238082497 0.011991816317440396 0 0 0 1
10.9 58.38470560968924 0.010302012565260199 0.008889236369558517 0 0 0 1
11.0 59.463576517574836 -0.0046855514863359815 -0.022767162350916692 0 0 0 1
11.1 60.55161249984042 0.00373246184732956 -0.018897720300874 0 0 0 1
11.2 61.66158560671616 0.01468843213702975 0.0024398175100905917 0 0 0 1
11.3 62.75900562782356 0.0132001583654624 -0.006195933726313996 0 0 0 1
11.4 63.920136756694106 -0.0036273880223163246 -0.003743487037976223 0 0 0 1
11.5 65.07893180851161 0.012690594398842237 -0.011123863921216781 0 0 0 1
11.6 66.2107362571118 0.018506621735861373 0.009542262560479742 0 0 0 1
11.7 67.34332228185038 -0.007174226892665558 0.01682596834670491 0 0 0 1
11.8 68.49661144489446 -0.013448860754962766 -0.006998433355978051 0 0 0 1
11.9 69.68346112846353 0.02579309074690883 0.015918026725689316 0 0 0 1
12.0 70.86769654533698 -0.0015534749577241769 0.016828616017374287 0 0 0 1
12.1 72.0766382569403 -0.007688554786533075 -0.004273084775341829 0 0 0 1
12.2 73.26855729056477 0.009612489722950812 0.009604859225312623 0 0 0 1
12.3 74.4903992355515 0.009385072983073783 -0.0006506085958619678 0 0 0 1
12.4 75.71027421156003 -0.003302388156853908 -0.009508176348624886 0 0 0 1
12.5 76.94664090372726 0.00808598450182707 -0.0005095262508163501 0 0 0 1
12.6 78.2004272820047 0.0009675757819582742 0.033600576976404284 0 0 0 1
12.7 79.45181350401825 0.011942096487247866 0.011780043304341348 0 0 0 1
12.8 80.72650081398066 0.004106327550825739 -0.043831938005737925 0 0 0 1
12.9 81.97998032067531 0.008376005186667257 -0.012771512622641978 0 0 0 1
13.0 83.26692081003586 0.00858274226630762 -0.025098896857414843 0 0 0 1
13.1 84.56156324776533 0.008443198828882004 -0.023326783737402934 0 0 0 1
13.2 85.87309493848393 -0.01146365620923362 0.0029423227799085794 0 0 0 1
13.3 87.19717274424687 0.006696383687465612 0.02573268732103884 0 0 0 1
13.4 88.5091040408737 -0.0001242547290516427 0.006188440649395943 0 0 0 1
13.5 89.84939547611894 -0.0318071319158264 0.01486424038522216 0 0 0 1
13.6 91.20497833436342 -0.015224271050794158 0.00298448651938088 0 0 0 1
13.7 92.56790184604738 -0.0006626566076910478 0.02037991545648765 0 0 0 1
13.8 93.93740052387189 -0.010906201901949686 -0.015758745544090402 0 0 0 1
13.9 95.28958935926283 -0.004495598749794993 -0.009674566242615867 0 0 0 1
14.0 96.67767536793147 -0.017677426070129343 0.03292779037980864 0 0 0 1
14.1 98.0982780569956 0.0010642538870904161 -0.016392258710538954 0 0 0 1
14.2 99.47169188602676 0.013161004610360294 -0.0274469241751234 0 0 0 1
14.3 100.89405654186476 0.0029040246545477544 0.016379032333468047 0 0 0 1
14.4 102.31621422184023 0.017787086995070922 -0.04512577233896309 0 0 0 1
14.5 103.77541953317174 -0.00934828898452622 0.022235721381136386 0 0 0 1
14.6 105.22151386043272 -0.00020867772703425658 0.0017313129516125514 0 0 0 1
14.7 106.66506024690734 -0.0242681666164124 0.009573816836677906 0 0 0 1
14.8 108.11850921288783 0.009331464796350275 0.0036832217120306154 0 0 0 1
14.9 109.60087100021276 -0.004025265117288512 0.03063713218631392 0 0 0 1
15.0 111.07930148297616 -0.003363656004751192 -0.01000471188636709 0 0 0 1
15.1 112.58413355745927 -0.00036536510178564185 -0.01021369512648107 0 0 0 1
15.2 114.06520253201603 -0.015695573592338974 -0.001870691556376869 0 0 0 1
15.3 115.60535257784484 0.0018078766837561489 0.005028162702920724 0 0 0 1
15.4 117.14150414512243 0.005018175955996185 -0.010727771169563027 0 0 0 1
15.5 118.65158274870365 -0.003745539707306733 0.012152512834198603 0 0 0 1
15.6 120.20124545005537 0.011152588580515044 0.011636739604988122 0 0 0 1
15.7 121.77473313136267 -0.000620553649447686 0.010460444810988179 0 0 0 1
15.8 123.3322394906899 0.0028528770928346603 -0.015062138848605855 0 0 0 1
15.9 124.8941773958182 -0.001422217272356363 -0.014235727132565046 0 0 0 1
16.0 126.47930165187557 0.004085123493798193 0.007965997586914852 0 0 0 1
16.1 128.09217980692918 -0.005604830217013301 -0.003935362830347344 0 0 0 1
16.2 129.69785154296483 -0.009592195148165672 -0.004939537593401155 0 0 0 1
16.3 131.30269368681337 0.014238322207742016 -0.008782980384502537 0 0 0 1
16.4 132.9528160339022 -0.02110927005342944 0.01127028230004612 0 0 0 1
16.5 134.565517500855 0.017178775194945928 0.017352320437133528 0 0 0 1
16.6 136.20176156396423 -0.0029612025807104203 0.008831936814409858 0 0 0 1
16.7 137.85695619012057 0.0015637708662374905 0.010334786887945313 0 0 0 1
16.8 139.5451360422737 0.009063062107909303 0.026269476368547373 0 0 0 1
16.9 141.20612492666285 0.0006165737569148177 0.007532207739181729 0 0 0 1
17.0 142.89909575603406 -0.002212640686330758 -0.014938008747989784 0 0 0 1
17.1 144.59057763669176 -0.00042307533979268896 -0.0010135597341758285 0 0 0 1
17.2 146.29534488266071 0.003946220760465025 -0.009893170501619863 0 0 0 1
17.3 148.01736138936567 0.003342948952301583 -0.013267965955435557 0 0 0 1
17.4 149.738473027682 -0.006495717267842593 0.0019416687001267974 0 0 0 1
17.5 151.48494341821123 -0.005665611257413161 -0.01867311512896208 0 0 0 1
17.6 153.20048046910085 -0.0018921150849493529 -0.02185171666330632 0 0 0 1
17.7 154.96754843409826 -0.00919456287854814 -0.017310110051866445 0 0 0 1
17.8 156.7482353522213 -0.023910492966969343 -0.0030138374557253655 0 0 0 1
17.9 158.5038888444169 -0.0023712215829689853 0.012293765123274625 0 0 0 1
18.0 160.29805445992866 -0.003377224861733197 -0.020974262714432257 0 0 0 1
18.1 162.08995905721977 -0.003631152574659069 0.0219108092410778 0 0 0 1
18.2 163.8977427016157 0.002966323025468398 -0.017157720868041793 0 0 0 1
18.3 165.71050650130073 0.003583742776736898 -0.015538190488328496 0 0 0 1
18.4 167.53890254298034 -0.01635400863681724 0.006446147532216173 0 0 0 1
18.5 169.38518920108893 -0.0025252744299066876 0.04684610664230604 0 0 0 1
18.6 171.2353913312856 -0.00681301026793335 0.0053852560738789634 0 0 0 1
18.7 173.07360614563822 0.0037835813580713307 0.007139237362466133 0 0 0 1
18.8 174.95165770730065 -0.012370344651699838 -0.006730580780256901 0 0 0 1
18.9 176.81198476100457 0.004225988537093883 -0.011429321650084034 0 0 0 1
19.0 178.70323401840074 -0.0010440526900836744 -0.0012930119733454148 0 0 0 1
19.1 180.60699036257904 -0.015004560419590973 0.014421441613521324 0 0 0 1
19.2 182.49678547032852 0.0007131944251312916 0.019184226787999137 0 0 0 1
19.3 184.44076616288248 -0.006076776100840675 0.006269239759618017 0 0 0 1
19.4 186.3451167935603 0.005393120462578338 0.02120814933553561 0 0 0 1
19.5 188.28461948554687 0.010022671292666985 0.004479033681818123 0 0 0 1
19.6 190.2432134126159 0.012663879159291014 0.0017823505569651843 0 0 0 1
19.7 192.18630588797888 0.00958319143251174 -0.006968437655331172 0 0 0 1
19.8 194.14744326912296 0.01659804499296058 -0.03023668655232825 0 0 0 1
19.9 196.11377709072582 -0.0013026901529968882 0.002299209516777978 0 0 0 1
20.0 198.10956755187777 -0.0032080295550045435 -0.01996881698009645 0 0 0 1
20.1 200.11176032180126 -0.016172693031087704 -0.021367635699746756 0 0 0 1
20.2 202.08959225646433 -0.0067521304243527425 -0.014466522750282707 0 0 0 1
20.3 204.1298882167689 -0.00025785681885537315 -0.030450765151698533 0 0 0 1
20.4 206.1533665295197 0.007900895561860466 -0.006788552308421458 0 0 0 1
20.5 208.18740885050735 -0.006075541051529854 0.020883891848342273 0 0 0 1
20.6 210.22293776117354 -0.00598492585885424 -0.047380653550703755 0 0 0 1
20.7 212.29137987033806 0.0037093096445630636 -0.0033728812662872087 0 0 0 1
20.8 214.3466961216649 -0.0011945645829314344 -0.01143222466033933 0 0 0 1
20.9 216.4273446882738 -0.0028407192084927146 0.005244990441326536 0 0 0 1
21.0 218.5023723969831 -0.019230050327621484 -0.03624826365754075 0 0 0 1
21.1 220.6020943854689 -0.004592180804671386 0.015542366489597725 0 0 0 1
21.2 222.70745486796267 0.008215461490415521 -0.0023790039470412694 0 0 0 1
21.3 224.8228909429481 -0.007805901162114992 0.02330619291309688 0 0 0 1
21.4 226.95325162379345 0.019409648476447217 0.021529184435848947 0 0 0 1
21.5 229.0769081506655 0.01145194293516738 0.0055676276639502476 0 0 0 1
21.6 231.21581926899768 0.00785073343579512 -0.01221578465410289 0 0 0 1
21.7 233.3963763489667 -0.001817867202277057 0.006983109210608518 0 0 0 1
21.8 235.54720779550934 -0.008709299772029055 -0.004364378588036288 0 0 0 1
21.9 237.74254124970474 -0.0013175811997996334 0.032791670116466776 0 0 0 1
22.0 239.92038936385057 0.0017925758947896497 -0.005208034164667197 0 0 0 1
22.1 242.12831810346972 0.011469015331194043 -0.018371829782083182 0 0 0 1
22.2 244.30433815207803 -0.011522849563810666 -0.010391146401346418 0 0 0 1
22.3 246.53725454208654 -0.015749315597716418 0.0031878092289190363 0 0 0 1
22.4 248.76520379107623 0.010755073664050485 0.0009913575711237854 0 0 0 1
22.5 251.00641546189905 0.0030085413794225246 0.05620728175013312 0 0 0 1
22.6 253.25229059693038 -0.015983849030867248 0.022389656738766917 0 0 0 1
22.7 255.4884321123534 0.008256491546475786 -0.0008152511930461515 0 0 0 1
22.8 257.7573359003981 0.008139539362126413 0.011278879224775551 0 0 0 1
22.9 260.02466474521975 -0.004867834069294474 -0.002823297042468198 0 0 0 1
23.0 262.3099959798298 0.007011579825345393 0.018504800666633514 0 0 0 1
23.1 264.63223455736716 -0.007267484006227676 0.03524265310502983 0 0 0 1
23.2 266.9237076691918 0.00012932123620146285 -0.02019612343339361 0 0 0 1
23.3 269.24968837137556 -0.007744376286836996 -0.013711990589726497 0 0 0 1
23.4 271.5648276327085 0.005113347481440655 -0.015932194989517257 0 0 0 1
23.5 273.90503273411247 0.0153299522867556 -0.018891257925105265 0 0 0 1
23.6 276.24528529608364 0.0005180927054340145 -0.008461049030614731 0 0 0 1
23.7 278.6106672911299 -0.00794730487599793 0.0412087954419178 0 0 0 1
23.8 280.9634351298917 -0.01374692726017912 0.02783757972359524 0 0 0 1
23.9 283.33293183067025 0.017699592386797747 -0.006918376536049209 0 0 0 1
24.0 285.74876732121913 -0.011626223380929446 0.009342840504444894 0 0 0 1
24.1 288.11529804388783 -0.00425408199247812 0.0010151913458287254 0 0 0 1
24.2 290.53370328923836 0.004161801368795182 -0.0035916568379548153 0 0 0 1
24.3 292.9363289738135 -0.017798031949070037 0.017342899072943396 0 0 0 1
24.4 295.3630164345412 0.013280052217645277 0.012080908756701092 0 0 0 1
24.5 297.8128121562227 -0.00135251407133552 0.010457655847716296 0 0 0 1
24.6 300.2514833943182 0.01733606727425041 -0.01765485156195723 0 0 0 1
24.7 302.7106204824138 -0.003288670575742003 -0.04321777725087372 0 0 0 1
24.8 305.18292118388655 -0.0076536749573037355 0.027564247240889017 0 0 0 1
24.9 307.6530691706464 0.0029960794927390566 0.04145023604425546 0 0 0 1
25.0 310.15965273549784 -0.008756929280615111 0.025149907612615152 0 0 0 1
25.1 312.63222344026025 -0.020098421089514318 -0.0005975770624502275 0 0 0 1
25.2 315.12547471313167 0.0066975505070843155 -0.0005011619423953562 0 0 0 1
25.3 317.65413932463787 0.0014489650978291024 -0.0010380618672627406 0 0 0 1
25.4 320.1672367201497 -0.004662481502379023 0.009587974268498556 0 0 0 1
25.5 322.70283686751463 -0.007834286508852983 0.002045475504218075 0 0 0 1
25.6 325.24949730376915 -0.012632352685741921 0.011489668299788036 0 0 0 1
25.7 327.81744528428845 -0.008345308740565827 0.0001217450446517887 0 0 0 1
25.8 330.3797421976934 -0.007140871322825149 -0.016790101173910443 0 0 0 1
25.9 332.97804716553395 -0.003029510127454671 0.00850095584922883 0 0 0 1
26.0 335.5324485467786 0.007954059382669243 0.020983581012586683 0 0 0 1
26.1 338.1336856955453 0.020706154216298955 -0.004768630103683336 0 0 0 1
26.2 340.72128265572746 -0.001170261845501841 0.0441796986106624 0 0 0 1
26.3 343.36123319298946 -0.003891154007604314 -0.004950789040407244 0 0 0 1
26.4 345.9799915252058 -0.005498603802521984 -0.012969255717905526 0 0 0 1
26.5 348.61274525926416 0.01260397004810443 -0.0004212586306380217 0 0 0 1
26.6 351.25819162890406 -0.008256560751377151 -0.001986915853166238 0 0 0 1
26.7 353.9262489867617 0.019584150243446174 -0.005803472742030635 0 0 0 1
26.8 356.56918044921196 -0.0215939567543586 0.01937919179408709 0 0 0 1
26.9 359.2491555404507 -0.007729656551404673 -0.0008921167269591024 0 0 0 1
27.0 361.945023822485 0.0011683577820207347 0.0012529475971803095 0 0 0 1
27.1 364.64407677728366 0.012258971653224648 0.011749992889519945 0 0 0 1
27.2 367.3317581451866 0.0012305522474775898 0.02716841581334961 0 0 0 1
27.3 370.0539252960098 0.006618087122319594 0.025797759284586164 0 0 0 1
27.4 372.79400388513045 -0.0007273371462304112 -0.0214121554941471 0 0 0 1
27.5 375.5213312717008 0.02050536198139241 0.04422608665211669 0 0 0 1
27.6 378.2528192054842 -0.0045804694375704 0.03515008925299412 0 0 0 1
27.7 381.0312248212598 0.010969108754423473 0.020031622329241827 0 0 0 1
27.8 383.80812513417163 0.0023084360853289354 -0.006884981368472154 0 0 0 1
27.9 386.559848624802 0.010421260877137684 -0.0019474996765893593 0 0 0 1
28.0 389.3367273682136 -0.006954936016455804 -0.017948802622754556 0 0 0 1
28.1 392.14886001188995 0.008803686471495098 -0.0012417249555483068 0 0 0 1
28.2 394.94113643898277 -0.010376996629119617 0.0014455775853150499 0 0 0 1
28.3 397.7796290695178 0.004288950215268983 0.01500108714182602 0 0 0 1
28.4 400.6111480286017 -0.0022092605921812947 0.03370994276087913 0 0 0 1
28.5 403.4010007790035 -0.008658919385069908 0.011181175304528779 0 0 0 1
28.6 406.2539103170793 -0.0010904181427520143 0.01182977172925348 0 0 0 1
28.7 409.12482120328536 0.0127040148653208 0.015187515527941287 0 0 0 1
28.8 411.991717674249 0.01729741744154012 0.022143880751627876 0 0 0 1
28.9 414.8511994861986 0.007913771506849798 0.005663535885474857 0 0 0 1
29.0 417.7416719145022 -0.0012486158021687288 0.04963969423249637 0 0 0 1
29.1 420.6576750649946 -0.0004896065288733098 0.0026847805911529576 0 0 0 1
29.2 423.57194490410785 0.0013513729081608972 -0.002572697657541312 0 0 0 1
29.3 426.45229922825985 -0.013008868775983728 0.02375243350812184 0 0 0 1
29.4 429.39391097344185 -0.0032208804733215857 0.014973643416880122 0 0 0 1
29.5 432.33186614248194 -0.0015908608863668405 0.021106535673965254 0 0 0 1
29.6 435.2761604075955 -0.004351737550635448 -0.004327829183694121 0 0 0 1
29.7 438.236499934982 0.009548376503076383 0.02238824084199109 0 0 0 1
29.8 441.220182057608 -0.015403881653554663 0.01900232638101329 0 0 0 1
29.9 444.17194636241936 0.010004161032270531 0.008272378264507552 0 0 0 1
30.0 447.16568480754916 -0.00891704810933902 0.0429493657678961 0 0 0 1
30.1 450.15215008148687 -0.0006722123625308996 0.03132791640663868 0 0 0 1
30.2 453.1576350442046 2.8758580072008044e-05 0.022772715690763334 0 0 0 1
30.3 456.17716408269666 -0.004391013890440831 0.005198776113047643 0 0 0 1
30.4 459.2033387471105 -0.011053075191767903 0.04901099604535375 0 0 0 1
30.5 462.2408554982518 -0.008881483825007308 0.005106835289893752 0 0 0 1
30.6 465.2761846785218 -0.006337628627733238 0.007663906513130314 0 0 0 1
30.7 468.3487411789372 0.012729800754286202 0.020371998627638277 0 0 0 1
30.8 471.4236751951287 -0.00012320079913763493 -0.008403560152174805 0 0 0 1
30.9 474.48290955358493 -0.0013000939705136716 0.023112383604569686 0 0 0 1
31.0 477.555072771195 -0.0015576268931738468 0.014022765302826201 0 0 0 1
31.1 480.66110616207334 0.0011900891991558638 0.013526016758532933 0 0 0 1
31.2 483.75144204343144 0.001586614219547755 0.02254488514503805 0 0 0 1
31.3 486.8689099335347 0.0022592294548218206 0.007790621459690783 0 0 0 1
31.4 490.0180908714566 -0.008146725911188923 -0.002248254774229963 0 0 0 1
31.5 493.133174191757 -0.01917320636846398 0.018473179021526676 0 0 0 1
31.6 496.28975768925187 -0.006097300601908273 0.004458112144448023 0 0 0 1
31.7 499.43276960179446 0.004251583006919191 0.02834829714512921 0 0 0 1
31.8 502.6016416561498 0.0003603052988978561 0.005926518342818099 0 0 0 1
31.9 505.7760541706239 0.008899449040555396 0.02323177229555995 0 0 0 1
32.0 508.9887306285524 -0.00559450381983595 0.0188424743843143 0 0 0 1
32.1 512.1825168110902 0.025429405685230222 0.024724460996452535 0 0 0 1
32.2 515.3634643728609 -0.017319001284676006 -0.0022449843290246463 0 0 0 1
32.3 518.5653576358841 -0.008561074862612372 0.027697905129372202 0 0 0 1
32.4 521.8245321323466 -0.01348843203120964 0.01471563428196987 0 0 0 1
32.5 525.0528650979645 0.0032069613930332252 0.014691658475015856 0 0 0 1
32.6 528.2766492253155 -0.0006225955589513887 0.044172557828318304 0 0 0 1
32.7 531.5440982846009 -0.0024059149812813985 0.02692036848318935 0 0 0 1
32.8 534.8242318021626 -0.00014858264400174903 0.02712285679018578 0 0 0 1
32.9 538.082106019124 0.017137319993693723 0.023374088434479745 0 0 0 1
33.0 541.380296886914 0.002479704531552329 0.0010171142630497343 0 0 0 1
33.1 544.6752829224832 -0.005264228301868457 -0.0017227183903401055 0 0 0 1
33.2 547.9912221691432 0.002853395901922795 0.024680830242090224 0 0 0 1
33.3 551.2879848249387 -0.009279909421422872 -0.0028377142241424735 0 0 0 1
33.4 554.6187382429067 0.007882350429227358 0.004715638885329554 0 0 0 1
33.5 557.9369856865051 0.012747928673903175 -0.007767905798431229 0 0 0 1
33.6 561.2914369036118 -0.008533495769867727 0.0270504073495772 0 0 0 1
33.7 564.6666097650057 0.021152443850482427 0.03680148871458755 0 0 0 1
33.8 568.0295047905421 -0.007036556647705083 0.009219283685411028 0 0 0 1
33.9 571.3816517246696 0.017602638188336073 -0.006155199799422917 0 0 0 1
34.0 574.7768219017183 0.005038384853193634 0.03479390395867199 0 0 0 1
34.1 578.1704126088006 0.0035708593008365597 0.005156728033512081 0 0 0 1
34.2 581.5758654181051 -0.018494994743960547 0.01821709471718691 0 0 0 1
34.3 584.9948635503823 -0.0043912392828104885 0.033248438979541106 0 0 0 1
34.4 588.4118894776516 0.012883798602260299 0.03890999358668523 0 0 0 1
34.5 591.8579288500081 -0.008241204743384856 0.04146079577827777 0 0 0 1
34.6 595.3040610238668 -0.008350788057157388 0.04744670025462483 0 0 0 1
34.7 598.7547544479224 -0.001859117481998851 0.017341931644352826 0 0 0 1
34.8 602.2285472364762 0.010792985325750237 0.056910871926106665 0 0 0 1
34.9 605.6930583209277 -0.004768866186097398 -0.007898882890629011 0 0 0 1
35.0 609.1830194411398 0.013804821907484666 0.017844240569729664 0 0 0 1
35.1 612.6788623762319 0.0012675408257365461 0.02475799407568502 0 0 0 1
35.2 616.2053883187042 -0.006851693770812517 0.03824640945873625 0 0 0 1
35.3 619.6825667254323 0.009425970902157133 0.014951148244563228 0 0 0 1
35.4 623.2266361647403 0.010100216836079312 0.05439453703149866 0 0 0 1
35.5 626.7658094276383 -0.01123267988174348 4.142466656276156e-05 0 0 0 1
35.6 630.2891469493462 -0.0044136520375559485 0.05041617371142593 0 0 0 1
35.7 633.866764164396 -0.0018978535901226223 0.03276738093205722 0 0 0 1
35.8 637.4232429161019 -0.003356777533824129 0.05486799763576755 0 0 0 1
35.9 641.0167288437816 0.001357783560266057 0.08797274139396905 0 0 0 1
36.0 644.5937330209756 0.008654730760525808 0.03971275637564986 0 0 0 1
36.1 648.1782715163143 0.002180171542633502 0.04633553143844438 0 0 0 1
36.2 651.7921980919402 -0.003063077473257181 0.04127822647330959 0 0 0 1
36.3 655.4104543395908 -0.007228562311098585 0.01257408989687292 0 0 0 1
36.4 659.0347584376822 0.004701399274878781 0.036847926696566446 0 0 0 1
36.5 662.656475174409 -0.0026641949462913317 0.07629185834258578 0 0 0 1
36.6 666.3034586833909 -0.018325509596337497 -0.0010471248984345038 0 0 0 1
36.7 669.9594192490475 -0.006444150199484966 -0.0076953191196480475 0 0 0 1
36.8 673.631479034816 -0.0032112848201961697 0.04855779256632786 0 0 0 1
36.9 677.3201285717088 -0.003677655908632005 0.0325223171403195 0 0 0 1
37.0 680.9960826923189 0.001183257465783072 0.06827257316837176 0 0 0 1
37.1 684.6717242524509 -0.009269873613675372 0.046426204082763434 0 0 0 1
37.2 688.3955994025904 -0.006414856080539266 0.03756220474127758 0 0 0 1
37.3 692.1181210073129 -0.0020568559284868115 0.02145236678893525 0 0 0 1
37.4 695.8218464161457 0.0029127412768161776 0.021804631031898225 0 0 0 1
37.5 699.5731395011901 -0.009133968583284968 0.007856171634841758 0 0 0 1
37.6 703.3364265995903 -0.010249415458901012 0.04587231379190371 0 0 0 1
37.7 707.057634635532 0.009067959563395789 0.021929434316461993 0 0 0 1
37.8 710.8122569520161 0.006880281785782927 0.06561508514363368 0 0 0 1
37.9 714.6144644428165 -0.007894695018620723 0.01679408255171211 0 0 0 1
38.0 718.4116344955453 -0.010889428090024467 -0.01096999496405715 0 0 0 1
38.1 722.1994298449387 0.019673550268180406 0.023801087987521896 0 0 0 1
38.2 725.9946707353903 -0.025674443403630676 0.04642996457607751 0 0 0 1
38.3 729.815728078163 0.003906615986323914 0.0492577451049101 0 0 0 1
38.4 733.6373484977612 0.004106080950776914 0.049336154552349853 0 0 0 1
38.5 737.4744220768207 0.0040450939389700125 0.024839602488896162 0 0 0 1
38.6 741.3294813942443 0.0027079471760487195 0.026683028188301705 0 0 0 1
38.7 745.1959927720043 3.996352296553596e-05 0.043764597407232486 0 0 0 1
38.8 749.0396815736165 0.010178205055098033 0.04127708290957344 0 0 0 1
38.9 752.9126377704195 -0.004791536934533269 0.030089581374056706 0 0 0 1
39.0 756.802578413731 0.008902289122914908 0.05576674424276007 0 0 0 1
39.1 760.6988676488684 -0.0019719469855203897 0.048955350122241725 0 0 0 1
39.2 764.5907816793998 0.006379218689147592 0.04692288996341176 0 0 0 1
39.3 768.516746105369 -0.002460382954097895 0.016064245369193486 0 0 0 1
39.4 772.4540108134759 0.0035762495573692377 0.0725859935085964 0 0 0 1
39.5 776.3773914605113 -0.003762015562671195 0.052607158276430255 0 0 0 1
39.6 780.3342600471955 -0.02154530146083289 0.03510878863613698 0 0 0 1
39.7 784.2920417873997 -0.0029202305466355938 0.07519223945769227 0 0 0 1
39.8 788.2446895723502 0.017362998830975584 0.05521062799459742 0 0 0 1
39.9 792.2073984534293 -0.004911426372871119 0.017972635330522735 0 0 0 1
40.0 796.2153833604784 -0.001124067761168135 0.07382125540408424 0 0 0 1
40.1 800.2237059853761 -0.0035542667868071476 0.045491147553661904 0 0 0 1
40.2 804.2077254152755 0.01953449583348288 0.013392728217922922 0 0 0 1
40.3 808.2329985002557 0.01494871043618673 0.0428252300213785 0 0 0 1
40.4 812.2387019863954 0.01813426611627733 0.07813065795085095 0 0 0 1
40.5 816.2677700764141 -0.015526578209573927 0.02770992946403794 0 0 0 1
40.6 820.3534947198784 0.007071056005486298 0.061695605513421015 0 0 0 1
40.7 824.3915218185622 0.0003614446788446912 0.08530650792295091 0 0 0 1
40.8 828.4646191050879 0.01394820200297886 0.03781091528946945 0 0 0 1
40.9 832.5319566436997 -0.009950389673605287 0.07108619890232148 0 0 0 1
41.0 836.6199416595842 0.00037059556251506365 0.06225543119001031 0 0 0 1
41.1 840.6937264952647 0.005641129957950852 0.03914339530962252 0 0 0 1
41.2 844.8169149681003 -0.006591380639719091 0.04018570647639308 0 0 0 1
41.3 848.9203670790964 -0.010788901077205537 0.08617239862894621 0 0 0 1
41.4 853.0584227387355 -0.009235295648522879 0.04781718549077141 0 0 0 1
41.5 857.1785339427881 0.014272686495274911 0.0745664357659166 0 0 0 1
41.6 861.3471937794075 0.000810285855834536 0.042192091883066496 0 0 0 1
41.7 865.4950115901131 -0.006325460994816012 0.05352431912604061 0 0 0 1
41.8 869.6612248924305 -0.0004918452310676003 0.061981087277501956 0 0 0 1
41.9 873.8455309046802 0.0005087335869689014 0.03658293266113333 0 0 0 1
42.0 878.0306361636349 -0.014760268989846281 0.060285030864690725 0 0 0 1
42.1 882.2335879210189 0.003120633947190754 0.04815275250069817 0 0 0 1
42.2 886.426047003714 -0.011696809722451462 0.059289718251193335 0 0 0 1
42.3 890.6246693145531 0.018349837426654858 0.06355953800590441 0 0 0 1
42.4 894.8667792519512 0.010837726811729453 0.05159696891183785 0 0 0 1
42.5 899.0859058298419 -0.0171082613984197 0.07520233821043121 0 0 0 1
42.6 903.3387897604212 -0.008820278957500705 0.05572287938895215 0 0 0 1
42.7 907.6002736811319 0.0021338310478711264 0.04474406403545572 0 0 0 1
42.8 911.8651844211842 -0.001781829047104111 0.0399156113293202 0 0 0 1
42.9 916.1212212771283 0.004699776404606837 0.0720540012725337 0 0 0 1
43.0 920.4233460931124 -0.0036043336807836113 0.08010510544596627 0 0 0 1
43.1 924.7257489113497 0.0013187923139241775 0.060485401899768476 0 0 0 1
43.2 929.0139581014153 -0.002393083136041696 0.07721162324071429 0 0 0 1
43.3 933.347751784751 -0.00602359044791001 0.06703858258663331 0 0 0 1
43.4 937.6662923877698 0.0042918099754558625 0.03237546002446834 0 0 0 1
43.5 941.9813305559471 -0.005696931319846499 0.07941599014037592 0 0 0 1
43.6 946.3515259271978 -0.011719764538298705 0.08606305987217411 0 0 0 1
43.7 950.6927049315433 -0.0024851097477096573 0.0869343984646207 0 0 0 1
43.8 955.0534215699213 -0.0054100763868802915 0.11467031295916286 0 0 0 1
43.9 959.4468617574593 -0.009729801753906031 0.07907423108827061 0 0 0 1
44.0 963.8323288602007 -0.009993455468503498 0.060139375631251824 0 0 0 1
44.1 968.2041675779287 -0.006396084307084493 0.10221461881496907 0 0 0 1
44.2 972.6125827768335 0.006531212480240356 0.06140687904206743 0 0 0 1
44.3 977.0394742108235 -0.01815169940161354 0.07051445001854972 0 0 0 1
44.4 981.4725548726183 -0.0018436131844907777 0.04750057436416455 0 0 0 1
44.5 985.887852519631 -0.007125964930139617 0.07897808506896808 0 0 0 1
44.6 990.3469060091677 -0.005213362145411793 0.0919371193861025 0 0 0 1
44.7 994.7954295548851 0.00014414181299571283 0.06195409078520697 0 0 0 1
44.8 999.2702525965233 -0.004813550338468531 0.03448844461479439 0 0 0 1
44.9 1003.7561743412405 -0.008843892146984444 0.07537833210869849 0 0 0 1
45.0 1008.2244795814967 0.011171656652692263 0.08346146380426944 0 0 0 1
45.1 1012.7249324653981 -0.0004954115578925666 0.08351325361047657 0 0 0 1
45.2 1017.2357559898303 -0.008779263464845144 0.11244756016691326 0 0 0 1
45.3 1021.7595369297192 0.0003615314085720911 0.10552440876125502 0 0 0 1
45.4 1026.2645608806101 -0.01122998802713937 0.06502655226762499 0 0 0 1
45.5 1030.8086342840204 0.008316598067494851 0.0870306535432519 0 0 0 1
45.6 1035.3489837934444 0.0008040744573349912 0.06883912305949025 0 0 0 1
45.7 1039.914128288985 -0.005983681606380742 0.0594934436489325 0 0 0 1
45.8 1044.4854652086847 -0.002942665277970491 0.08231625073898385 0 0 0 1
45.9 1049.0551684637212 -0.002496558514451408 0.0991239301839073 0 0 0 1
46.0 1053.6575916747722 0.002860270602155879 0.07860173019793137 0 0 0 1
46.1 1058.2428198462287 -0.009456602254232394 0.09694640596154613 0 0 0 1
46.2 1062.8268147708177 -0.004816827137887003 0.06595114192924711 0 0 0 1
46.3 1067.4415403581932 0.008817919988473477 0.12582698608969167 0 0 0 1
46.4 1072.0820139357315 -0.004757341036594198 0.1077803149275951 0 0 0 1
46.5 1076.719509706054 -0.002577329364811476 0.0888656087072377 0 0 0 1
46.6 1081.3700410076717 0.003687676934873707 0.10465985649477716 0 0 0 1
46.7 1086.025645945833 0.004210706601156744 0.0869047732129502 0 0 0 1
46.8 1090.681901105272 0.004951484035672138 0.1152030795472001 0 0 0 1
46.9 1095.3519022052812 -0.003647301075602627 0.11730547055344687 0 0 0 1
47.0 1100.0383173396394 -0.01704418295221899 0.09201059474185058 0 0 0 1
47.1 1104.7273141998317 0.022101711556075543 0.09871186790701358 0 0 0 1
47.2 1109.4247804106797 0.0006376533759748781 0.12236489788648441 0 0 0 1
47.3 1114.157801790584 -0.001986401979365837 0.10480782172521685 0 0 0 1
47.4 1118.8926712066675 0.013728248548062538 0.08565633486688284 0 0 0 1
47.5 1123.6201531169695 0.0018514509976341742 0.10539534555204 0 0 0 1
47.6 1128.3641470749708 -0.010235792731350557 0.09320073050201927 0 0 0 1
47.7 1133.118805232234 -0.005368180894635088 0.08262794783132676 0 0 0 1
47.8 1137.9085452033507 5.742253875951064e-06 0.10324471190261875 0 0 0 1
47.9 1142.6473921690435 0.005238763746859831 0.13665690409089848 0 0 0 1
48.0 1147.4394087376506 0.006795041101327115 0.13314403889063442 0 0 0 1
48.1 1152.2658231544324 -0.02080640923676924 0.07254625777591173 0 0 0 1
48.2 1157.0416294065199 -0.016928965728823187 0.07550964472113719 0 0 0 1
48.3 1161.859557260278 0.008844209206415599 0.0785283926090301 0 0 0 1
48.4 1166.6937625883718 0.00023361256626230897 0.12099666822297195 0 0 0 1
48.5 1171.5154380156407 0.00026045338651670136 0.11995708679228301 0 0 0 1
48.6 1176.3565071578182 -0.011192972134040247 0.07480031477712146 0 0 0 1
48.7 1181.2426217562145 0.009692634553800872 0.10088145914744473 0 0 0 1
48.8 1186.0914812828828 0.014420293621554947 0.12254465785918 0 0 0 1
48.9 1190.980285304626 -0.00832375939847907 0.0845306310450269 0 0 0 1
49.0 1195.8558356985097 -0.008935037696119252 0.10655748024760214 0 0 0 1
49.1 1200.7578092382903 0.005182983498315252 0.13261935984178308 0 0 0 1
49.2 1205.6530867254478 0.015258529268663779 0.0906375920934579 0 0 0 1
49.3 1210.5793847453633 0.0122541794089841 0.10336981820330493 0 0 0 1
49.4 1215.5044193748254 -0.005183206356775827 0.10038903784459308 0 0 0 1
49.5 1220.443821140845 -0.002223821986973462 0.09364631148991975 0 0 0 1
49.6 1225.3678449723116 0.00933216499907985 0.12912559298149517 0 0 0 1
49.7 1230.3331735867312 0.0014984313350510092 0.14703272434508108 0 0 0 1
49.8 1235.2920850329215 0.01395505817100684 0.12006978667568546 0 0 0 1
49.9 1240.2940740303316 -0.0037248062629373635 0.08219508941442655 0 0 0 1
50.0 1245.2488010993447 0.0003933793082637749 0.10912318852933822 0 0 0 1
50.1 1250.2560761542074 -0.006436932579759969 0.1343049805936971 0 0 0 1
50.2 1255.2361262368374 -0.0059805497973002275 0.15692808474159392 0 0 0 1
50.3 1260.2610938584678 0.0007412735191110187 0.1436501823383196 0 0 0 1
50.4 1265.3058734968909 0.0020371846962348172 0.09945972529328628 0 0 0 1
50.5 1270.3348754876195 0.006232178780777531 0.11955291328672502 0 0 0 1
50.6 1275.3848071829611 0.003270422732470024 0.11639405130904379 0 0 0 1
50.7 1280.4318216037477 0.008560865085115665 0.12895655798968164 0 0 0 1
50.8 1285.5209444565385 -0.003345133889609997 0.14642771278579403 0 0 0 1
50.9 1290.588539847085 -0.005512457352239153 0.13625538491999123 0 0 0 1
51.0 1295.6661751419133 0.0052929948447797415 0.08133720113266918 0 0 0 1
51.1 1300.7570814536211 -0.00501672731681424 0.12887975318926692 0 0 0 1
51.2 1305.8707340353958 0.013849304006441798 0.12330570159701892 0 0 0 1
51.3 1310.9721840596148 0.00931186580558574 0.08047460676937135 0 0 0 1
51.4 1316.1354643268564 -0.00045207399080027244 0.12407256650124054 0 0 0 1
51.5 1321.2470115900364 0.006115922698938903 0.08114887418332728 0 0 0 1
51.6 1326.3699713853111 -0.006944228130265628 0.16015903640584384 0 0 0 1
51.7 1331.554512570087 0.009132813729110012 0.15897543567132288 0 0 0 1
51.8 1336.7072469898299 0.017226715166685835 0.13670430337799644 0 0 0 1
51.9 1341.8675394595316 0.009665259778330437 0.14055691844441753 0 0 0 1
52.0 1347.0774319177267 0.0014386161022912347 0.13327569772502557 0 0 0 1
52.1 1352.243824923361 -0.01741418380657933 0.16911411940930066 0 0 0 1
52.2 1357.4816698489685 -0.00946436144101881 0.13384387382848217 0 0 0 1
52.3 1362.6725392329938 -0.009250706378963969 0.14278569372527272 0 0 0 1
52.4 1367.9209010459572 0.004577161289603282 0.1549157523611484 0 0 0 1
52.5 1373.1500131472305 -0.006730500925073102 0.14263148692236882 0 0 0 1
52.6 1378.3810799245446 -0.0063496494618107135 0.174968350939821 0 0 0 1
52.7 1383.6346764747852 -0.014997585001708558 0.16860614320955847 0 0 0 1
52.8 1388.9060651266527 -0.002322502949198224 0.15841866165408192 0 0 0 1
52.9 1394.1898971320984 0.00545057318538511 0.14967519326501133 0 0 0 1
53.0 1399.4880576929786 0.014624428597471706 0.1428896304016689 0 0 0 1
53.1 1404.7714725427245 0.0008110700019301476 0.12421282919751775 0 0 0 1
53.2 1410.0706782947632 -0.011637224873368268 0.1567046583317051 0 0 0 1
53.3 1415.3779975669645 0.00028987179803152685 0.17848792980976214 0 0 0 1
53.4 1420.7082129574171 -0.00571988625671338 0.1405862603459127 0 0 0 1
53.5 1426.0380364445614 0.01640551887157926 0.19059979816063333 0 0 0 1
53.6 1431.402605590314 -0.0015289433599718905 0.1719077757991272 0 0 0 1
53.7 1436.74859181592 -0.010309875240409383 0.1433991820913434 0 0 0 1
53.8 1442.1146429319901 -0.0053459244216469415 0.16722706887469485 0 0 0 1
53.9 1447.488039636571 0.0037810771909789764 0.18033797918474193 0 0 0 1
54.0 1452.8902939874752 -0.012403036667137712 0.14242979217681295 0 0 0 1
54.1 1458.2541733578068 -0.00013064960654673996 0.17175555839583012 0 0 0 1
54.2 1463.6814395169313 -0.00352943956653462 0.18169552211259088 0 0 0 1
54.3 1469.0941741148981 0.010600046626734638 0.11513561348465373 0 0 0 1
54.4 1474.5340113098052 0.008650820917637247 0.15332098501539804 0 0 0 1
54.5 1479.9470641241164 -0.004197848462752063 0.16700343101547332 0 0 0 1
54.6 1485.4045906778135 -0.011903557605762671 0.19042974291835435 0 0 0 1
54.7 1490.8524165303138 0.012916871224490478 0.1806969834631218 0 0 0 1
54.8 1496.3153923752977 -0.010568912434848698 0.161554361309868 0 0 0 1
54.9 1501.7815606784793 -0.009680589713639165 0.20214858740644104 0 0 0 1
55.0 1507.272438200433 -0.0022425121290439165 0.1897056026973587 0 0 0 1
55.1 1512.7675131139954 -0.0005507827043516045 0.16856316951623285 0 0 0 1
55.2 1518.2747096643018 0.013077621153399832 0.17996676801078593 0 0 0 1
55.3 1523.807231526406 0.0009251986761569242 0.1869412885401971 0 0 0 1
55.4 1529.3146718802766 -0.012236730096788051 0.1420236602540399 0 0 0 1
55.5 1534.8511871282712 -0.013670872647878696 0.1775759699359014 0 0 0 1
55.6 1540.399322131293 0.00015091011096046714 0.2006417948591661 0 0 0 1
55.7 1545.966563327169 -0.010075908982514648 0.20268028107818736 0 0 0 1
55.8 1551.5289297824652 -0.0040096913774050336 0.17244601670824977 0 0 0 1
55.9 1557.1025226264458 -0.003301383107782385 0.187532385283248 0 0 0 1
56.0 1562.6979006070037 -0.01063974180550531 0.17791190966829618 0 0 0 1
56.1 1568.2764202679036 0.019804336698200586 0.19071362037811923 0 0 0 1
56.2 1573.8934205194603 -0.00746182746257773 0.22503221352030778 0 0 0 1
56.3 1579.5087919644993 0.0020009917552101797 0.1945157808352178 0 0 0 1
56.4 1585.1244457263144 0.00034365280396286835 0.19667693534245245 0 0 0 1
56.5 1590.7559168327036 0.0029710927729524883 0.21513619293625652 0 0 0 1
56.6 1596.4049965054019 0.007455965845338142 0.22101180120330355 0 0 0 1
56.7 1602.0640880114306 0.01175924914400639 0.18857283621196075 0 0 0 1
56.8 1607.7233611302224 0.001990377393383369 0.21816977593550746 0 0 0 1
56.9 1613.4230081792448 0.0006918103255770802 0.20708890029663962 0 0 0 1
57.0 1619.0886877626313 0.0027865049966635524 0.18831505513378488 0 0 0 1
57.1 1624.7814153193212 -0.004541319171721625 0.18198678962016857 0 0 0 1
57.2 1630.4738799045554 -0.012043164792885364 0.1952239091313004 0 0 0 1
57.3 1636.2210460616018 -0.0005376928962732563 0.23813966389127472 0 0 0 1
57.4 1641.931822385016 -0.004859443457519319 0.21087026805969344 0 0 0 1
57.5 1647.6814782574936 0.0009997118644378133 0.22517575782421773 0 0 0 1
57.6 1653.4208029285678 -0.0011984156680568958 0.20498199871656198 0 0 0 1
57.7 1659.1669602315712 0.021124535824526447 0.19941764828024588 0 0 0 1
57.8 1664.9360280977844 0.006305035177149421 0.21295460634701158 0 0 0 1
57.9 1670.7157437077158 0.008801516982941848 0.2439096717296252 0 0 0 1
58.0 1676.492256743664 -0.007541127845513529 0.23272044552015814 0 0 0 1
58.1 1682.2896931796186 -0.027685101113888777 0.19103911091588088 0 0 0 1
58.2 1688.1061972075515 -0.010653768323493296 0.20928830888351513 0 0 0 1
58.3 1693.9132719616855 -0.006244562377389684 0.2484060641824044 0 0 0 1
58.4 1699.737943411044 0.010641074931186267 0.22007292046305338 0 0 0 1
58.5 1705.5768858787296 0.015512027816384943 0.2331649969424916 0 0 0 1
58.6 1711.4183309058894 -0.002684391155753474 0.23987800487486766 0 0 0 1
58.7 1717.284981222361 -0.0015272957302272516 0.24314194336955097 0 0 0 1
58.8 1723.1327623448644 0.0038887080691552 0.22083345280157118 0 0 0 1
58.9 1729.0105469049613 -0.0014205190663005851 0.25398817103325655 0 0 0 1
59.0 1734.9128067101688 0.002797836598347203 0.25595389954548864 0 0 0 1
59.1 1740.8075593578621 0.00809091134379969 0.21799951122989114 0 0 0 1
59.2 1746.6924933630198 -0.002395850344385053 0.24764131720314708 0 0 0 1
59.3 1752.6063863718555 0.0021428486510330913 0.2692451984047466 0 0 0 1
59.4 1758.5454342925848 0.0025634970551209335 0.22939820699434676 0 0 0 1
59.5 1764.4762466968277 -0.006338871247351108 0.25576843571354857 0 0 0 1
59.6 1770.4477384739466 0.006518226995467558 0.2345164788831653 0 0 0 1
59.7 1776.377869084697 0.0021299865145465446 0.2749629457814535 0 0 0 1
59.8 1782.345724479997 0.007687924794367973 0.21975418392753454 0 0 0 1
59.9 1788.3146909563518 0.015460344705331863 0.2237016690183964 0 0 0 1
60.0 1794.2970932037797 0.0012544632833737523 0.22224660259132634 0 0 0 1
60.1 1800.3118849487366 0.0035189840178873055 0.24590519261494137 0 0 0 1
60.2 1806.304482297741 -0.0023239062836069024 0.28182510576630193 0 0 0 1
60.3 1812.3399854789222 0.0005646280442306306 0.23338684695727352 0 0 0 1
60.4 1818.334969957035 0.0010725158108471078 0.22844991753038357 0 0 0 1
60.5 1824.3826808320664 0.0072201674836378515 0.24358904534108206 0 0 0 1
60.6 1830.4255314254588 0.00901501795283366 0.272002186653026 0 0 0 1
60.7 1836.5073391608976 -0.007425786231294751 0.26365312209668446 0 0 0 1
60.8 1842.5385562551558 -0.0012530117439268906 0.28399576772551427 0 0 0 1
60.9 1848.6263956402079 -0.007988910029439467 0.2816751224086147 0 0 0 1
61.0 1854.7059085872438 -0.006384231433230525 0.29807048000543546 0 0 0 1
61.1 1860.812598574143 0.0009162874762864703 0.25377583474789844 0 0 0 1
61.2 1866.9175016223153 9.878688376829814e-05 0.2553858357181298 0 0 0 1
61.3 1873.0274070117139 0.0032553119570479794 0.3050008082162776 0 0 0 1
61.4 1879.1546887554923 -0.013150271586823692 0.3057806276917745 0 0 0 1
61.5 1885.2874126546049 0.006736825684583891 0.3018492167979048 0 0 0 1
61.6 1891.4260481063009 0.019976544882467806 0.2791764205369418 0 0 0 1
61.7 1897.6004510466169 0.0030315750103113714 0.2985728880360057 0 0 0 1
61.8 1903.7604503327902 -0.008402959800434928 0.3108912861865747 0 0 0 1
61.9 1909.9444099178959 0.0032872981290097414 0.2672543492162731 0 0 0 1
62.0 1916.1145324404088 0.02136891996860868 0.3125281405621081 0 0 0 1
62.1 1922.3091764757285 -0.006797103909377711 0.2763737069333274 0 0 0 1
62.2 1928.516987079874 0.012519691241493547 0.26646675107997453 0 0 0 1
62.3 1934.7426342670751 -0.008135576053462046 0.3083525720016951 0 0 0 1
62.4 1940.9454659330067 -0.002040996993969202 0.28646324329918116 0 0 0 1
62.5 1947.179369404776 -0.0028694717559005767 0.3013176954706296 0 0 0 1
62.6 1953.439307058549 0.015748299489757756 0.2943277599766816 0 0 0 1
62.7 1959.7036730577177 -0.0007650262584775191 0.32888399449484496 0 0 0 1
62.8 1965.9496910148487 0.0099382465390363 0.28080649241269384 0 0 0 1
62.9 1972.2326683313108 0.01726144239154337 0.2704077414250605 0 0 0 1
63.0 1978.5262784769827 -0.005021423100458833 0.32367150658501487 0 0 0 1
63.1 1984.8208355918011 0.021642811589060784 0.31225649732095917 0 0 0 1
63.2 1991.1083322344602 -0.004632326701596412 0.288606584956824 0 0 0 1
63.3 1997.4564014322755 -0.0010149050295353845 0.2923577978230014 0 0 0 1
63.4 2003.7835225336316 -0.01339626078714673 0.31600800765522763 0 0 0 1
63.5 2010.0947928841529 -0.002698183550194244 0.3335546660376849 0 0 0 1
63.6 2016.4310078779229 0.003497947175048921 0.3004323694277673 0 0 0 1
63.7 2022.7969653357363 -0.009410034402094425 0.3186045247931588 0 0 0 1
63.8 2029.1543661429635 -0.008525857784320579 0.3272135217566756 0 0 0 1
63.9 2035.53989291979 -0.0010990850265670815 0.33985050329454225 0 0 0 1
64.0 2041.9244957900762 0.015385103417202117 0.3412136872176461 0 0 0 1
64.1 2048.3426618789613 0.009110947749547904 0.3400420624649314 0 0 0 1
64.2 2054.7359980775645 -0.0031072309429873712 0.3406851769308332 0 0 0 1
64.3 2061.1489483309742 0.006876609978064607 0.3300108494319147 0 0 0 1
64.4 2067.5893965876894 -0.009350522842396458 0.3337860879096297 0 0 0 1
64.5 2074.0121417827977 -0.0025944321748170296 0.3593802774772712 0 0 0 1
64.6 2080.4479024824027 -0.0034948010707012145 0.36875398777146984 0 0 0 1
64.7 2086.9111497428744 0.006066789165458886 0.32635908084591847 0 0 0 1
64.8 2093.375629780766 0.008229709214106151 0.3414578305141731 0 0 0 1
64.9 2099.8429890305642 -0.007312739684209646 0.33799915004931336 0 0 0 1
65.0 2106.325281970804 -0.01267433865473322 0.3476502715063816 0 0 0 1
65.1 2112.836870764163 -0.012041481129244858 0.35953913494643075 0 0 0 1
65.2 2119.33087101752 -0.00793832268436745 0.3805843569774652 0 0 0 1
65.3 2125.8386952607634 0.0024173935053113382 0.3568202890843395 0 0 0 1
65.4 2132.3802410727535 -0.005984413650594433 0.33785110179962885 0 0 0 1
65.5 2138.9062429703627 -0.007131175647202781 0.3387402725774109 0 0 0 1
65.6 2145.4736174142713 0.00483676004444078 0.3747707914168359 0 0 0 1
65.7 2151.9995830985627 -0.005279170917560805 0.35959624904592147 0 0 0 1
65.8 2158.567835107873 -0.0065249284526203155 0.36290642969913733 0 0 0 1
65.9 2165.1806384060687 -0.0009101565331093298 0.4006933911781516 0 0 0 1
66.0 2171.732833370324 -0.009135559399737758 0.39107425299584975 0 0 0 1
66.1 2178.324230074347 -0.009911874715385238 0.36666184966247783 0 0 0 1
66.2 2184.9271465184893 -0.002446458050144429 0.39930611504473745 0 0 0 1
66.3 2191.542669152405 -0.012697122483530165 0.3835097849292879 0 0 0 1
66.4 2198.1857491552287 0.011779735699064986 0.38590644333271484 0 0 0 1
66.5 2204.8117176320584 0.003352443181427134 0.38176950657714315 0 0 0 1
66.6 2211.4611270537052 0.0062474593151478075 0.38445791496860693 0 0 0 1
66.7 2218.113875192132 -0.00894617215180915 0.3979499510331834 0 0 0 1
66.8 2224.7702094791275 -0.0013928707159607256 0.3549007129225856 0 0 0 1
66.9 2231.4608931418015 -0.0018880231364732936 0.403282194590588 0 0 0 1
67.0 2238.1344020831325 0.016925809325300634 0.41433918739971887 0 0 0 1
67.1 2244.833688414642 0.002761644449776668 0.4034551910751816 0 0 0 1
67.2 2251.5439078885943 0.0008483659967737367 0.3878315809797641 0 0 0 1
67.3 2258.2493697440627 0.020191863301818103 0.35422231413792815 0 0 0 1
67.4 2264.9877300966996 0.019680346887867017 0.4068555003041183 0 0 0 1
67.5 2271.723199221037 -0.00015515956323497448 0.3997609940080338 0 0 0 1
67.6 2278.469291260496 -0.0044614059634682235 0.3982537597881901 0 0 0 1
67.7 2285.1978468806183 -0.013330952244928085 0.41743269575817976 0 0 0 1
67.8 2291.9849798531095 0.0023448309027003233 0.4148960773534327 0 0 0 1
67.9 2298.758694499598 -0.004319523439676232 0.4375204424142112 0 0 0 1
68.0 2305.5549558239263 0.0020437989187485073 0.4189648614451471 0 0 0 1
68.1 2312.3467347757132 -0.011276904933481546 0.4346214058931537 0 0 0 1
68.2 2319.1538650546163 0.006205118017760469 0.42331152843883046 0 0 0 1
68.3 2325.963221309467 -0.008275711191288337 0.44832468208778664 0 0 0 1
68.4 2332.7901609926294 0.0031341172477254986 0.4241661008658184 0 0 0 1
68.5 2339.6306847824017 -0.004386616320005032 0.440437283433198 0 0 0 1
68.6 2346.458632248942 -0.0005590248655380492 0.423212756086059 0 0 0 1
68.7 2353.332113331421 -0.022919708226822877 0.4230609902986089 0 0 0 1
68.8 2360.1702529117483 0.007531670762546128 0.43729868374771286 0 0 0 1
68.9 2367.067971766728 0.0036285421218167357 0.4680292652906246 0 0 0 1
69.0 2373.931618972251 0.003601710756583998 0.4425250982410489 0 0 0 1
69.1 2380.848499402771 0.0036722225638072814 0.4072307898973122 0 0 0 1
69.2 2387.7649403586065 0.0069727514289752435 0.4738404329405057 0 0 0 1
69.3 2394.6812756311174 -0.0014998799341015001 0.4450386078203792 0 0 0 1
69.4 2401.597391786833 -0.004651501138084768 0.4916774780551805 0 0 0 1
69.5 2408.5174421415645 -0.005597037397990334 0.4679572523543811 0 0 0 1
69.6 2415.474582755629 -0.012151462562258075 0.49857460804491893 0 0 0 1
69.7 2422.4476669035257 -0.0025735826526442906 0.46840722555543834 0 0 0 1
69.8 2429.4088622576314 -0.0010764270168692747 0.4664000109612516 0 0 0 1
69.9 2436.37133800318 -0.002715354395149916 0.5141985837819902 0 0 0 1
70.0 2443.3611922201326 0.0021595238267764216 0.47718397340213414 0 0 0 1
70.1 2450.3605694304815 0.019558281312185954 0.444957174095407 0 0 0 1
70.2 2457.3645496713925 0.009944934513953285 0.448959428048056 0 0 0 1
70.3 2464.365611924767 0.005907766350276233 0.4474745377619911 0 0 0 1
70.4 2471.369795382444 -0.004938263462804571 0.4698617422920961 0 0 0 1
70.5 2478.424437336765 -0.0057463487279960646 0.5065965232843155 0 0 0 1
70.6 2485.479526944301 0.0005238674504539631 0.4778053092295522 0 0 0 1
70.7 2492.533056456701 -0.003840992571724655 0.516545222550576 0 0 0 1
70.8 2499.6189219494167 0.010795311793742712 0.5130047986638147 0 0 0 1
70.9 2506.6923640822856 0.007181597486805913 0.49772044949213523 0 0 0 1
71.0 2513.761702642759 0.03223938643566271 0.4786825545543252 0 0 0 1
71.1 2520.855657223142 -0.011913931840524583 0.5184735786538113 0 0 0 1
71.2 2527.9659928791507 0.007597189175896801 0.5119130844373103 0 0 0 1
71.3 2535.086036006852 -0.014553092479047791 0.5193132125400552 0 0 0 1
71.4 2542.2250325613295 0.01879339541784475 0.5013218723670434 0 0 0 1
71.5 2549.3375821068917 0.0020918925359296736 0.5522870467468692 0 0 0 1
71.6 2556.4879730081825 0.014509378289915276 0.5084254871635494 0 0 0 1
71.7 2563.656396976554 -0.004605715081936523 0.5355939712280815 0 0 0 1
71.8 2570.8069107631864 -0.008258779654056525 0.5298095898629072 0 0 0 1
71.9 2577.977807681597 -0.006714473542444921 0.5026858102364713 0 0 0 1
72.0 2585.1845242956624 -0.01728875874255209 0.5002188453663621 0 0 0 1
72.09999999999998 2592.36309909399 0.02076542129657355 0.5303171157188444 0 0 0 1
72.2 2599.5789566144686 -0.005112683965194265 0.5457023996177668 0 0 0 1
72.29999999999998 2606.7960012958583 0.003631101818996285 0.495299713340728 0 0 0 1
72.4 2614.01575212269 -0.013935650354312656 0.517423817527515 0 0 0 1
72.5 2621.230039122702 0.013707014549936503 0.5348816867067399 0 0 0 1
72.59999999999998 2628.517107290068 0.01009304422882451 0.5577888286243251 0 0 0 1
72.7 2635.743146740122 0.010400637226382514 0.5275383666973994 0 0 0 1
72.79999999999998 2643.000245323843 0.004199479040948972 0.566698195528943 0 0 0 1
72.9 2650.2957990448526 -7.528280474389248e-05 0.5488093758444847 0 0 0 1
73.0 2657.588129552424 -0.0011654180399887082 0.5690822656029013 0 0 0 1
73.09999999999998 2664.865206598971 0.010069249291518645 0.5621704507907452 0 0 0 1
73.2 2672.1610405223737 -0.010163802814417977 0.5735786789773556 0 0 0 1
73.29999999999998 2679.484685468271 -0.007620674272970973 0.5777589900876592 0 0 0 1
73.4 2686.7997423796364 -0.0028495611132939302 0.5643835330861293 0 0 0 1
73.5 2694.168212542234 0.0037154078675030178 0.5805076900994663 0 0 0 1
73.59999999999998 2701.5106782505945 -0.008778732719520121 0.5768519484699937 0 0 0 1
73.7 2708.8599447546203 -0.0049250546519488125 0.5644936662538385 0 0 0 1
73.79999999999998 2716.222126194834 -0.00519782718197348 0.5989591197776463 0 0 0 1
73.9 2723.59531795505 0.010526937644840473 0.568242975066596 0 0 0 1
74.0 2730.984067403603 0.0035802600843908294 0.5898456150882794 0 0 0 1
74.09999999999998 2738.377939195762 -0.012678958273454555 0.612577791607464 0 0 0 1
74.2 2745.776991235073 0.007076884180719389 0.6156733313134737 0 0 0 1
74.29999999999998 2753.1795650664035 0.00489413024638452 0.5918623310851672 0 0 0 1
74.4 2760.618606787583 0.0017836537944049269 0.5790970613923037 0 0 0 1
74.5 2768.05203859815 0.0033035881713203707 0.5747620238612399 0 0 0 1
74.59999999999998 2775.519414197321 0.025100651978846145 0.6338347295964013 0 0 0 1
74.7 2782.9859394714967 -0.005874839870443793 0.601178845132381 0 0 0 1
74.79999999999998 2790.4267192021916 -0.013535975744957796 0.6147416060750857 0 0 0 1
74.9 2797.881934857218 0.008386518046563651 0.6203818026331192 0 0 0 1
75.0 2805.3735491163166 -0.012321852044010484 0.6425106733620396 0 0 0 1
75.09999999999998 2812.892677194279 0.004523008675619167 0.6299189891783499 0 0 0 1
75.2 2820.390862981657 -0.009693790978303696 0.6183114685622968 0 0 0 1
75.29999999999998 2827.91565466695 0.006036314168568424 0.6233002014828344 0 0 0 1
75.4 2835.422208985895 8.184257012544549e-05 0.6314073956339143 0 0 0 1
75.5 2842.9782660275123 0.015577871803998278 0.6244612077548481 0 0 0 1
75.59999999999998 2850.513656533097 0.0038704546002463758 0.6679349703490516 0 0 0 1
75.7 2858.0627535564067 0.013936314272768868 0.6841434142625076 0 0 0 1
75.79999999999998 2865.6252968941735 0.00408769521504837 0.6374452846098393 0 0 0 1
75.9 2873.2117448715962 -0.002752279730771079 0.6956003227385281 0 0 0 1
76.0 2880.792783874957 -0.013497231628093687 0.6293424889981907 0 0 0 1
76.09999999999998 2888.3923084964813 -0.012960528505345792 0.6563499015778689 0 0 0 1
76.2 2895.9852296339177 -0.011697090632992513 0.6655609663048381 0 0 0 1
76.29999999999998 2903.6085925840334 0.025961871311551477 0.6864736201821415 0 0 0 1
76.4 2911.228236942875 -0.002497780525914095 0.688724534186349 0 0 0 1
76.5 2918.8737087427016 0.014219845291904676 0.6667869707393947 0 0 0 1
76.59999999999998 2926.5019702684294 0.0013471055506215635 0.6711518895431254 0 0 0 1
76.7 2934.1742271151315 -0.0037099882322308986 0.652184635387357 0 0 0 1
76.79999999999998 2941.8352400637186 0.007783993342059148 0.6998264531891891 0 0 0 1
76.9 2949.4923603787847 -0.009393276450396115 0.685179865934515 0 0 0 1
77.0 2957.2084498281147 -0.015158586780444239 0.6536002385419124 0 0 0 1
77.09999999999998 2964.8845423136604 -0.004505901527977585 0.6856999745409667 0 0 0 1
77.2 2972.585542084112 -0.005213959076058927 0.7085628370871291 0 0 0 1
77.29999999999998 2980.321773128211 -0.0015793978271858578 0.7058438024102998 0 0 0 1
77.4 2988.047579588951 -0.0012434323188017515 0.7006871425762711 0 0 0 1
77.5 2995.7654642487505 0.004078139797002223 0.7295916426041913 0 0 0 1
77.59999999999998 3003.494910190674 0.0012868976310755897 0.7309041635978701 0 0 0 1
77.7 3011.2783204121934 0.026642931688115823 0.7448234329274328 0 0 0 1
77.79999999999998 3019.044036564563 0.005348354293346347 0.7004098963107026 0 0 0 1
77.9 3026.809199861228 0.011311475093407353 0.7313388566353751 0 0 0 1
78.0 3034.593024784751 0.003746471983504307 0.7372573928839756 0 0 0 1
78.09999999999998 3042.3788548294874 0.002737629716648371 0.749344580252 0 0 0 1
78.2 3050.20749299416 -0.005992369341925041 0.740312601113601 0 0 0 1
78.29999999999998 3058.0121955797513 -0.0052526323751180826 0.7552657534745322 0 0 0 1
78.4 3065.842320216748 -0.0037402280918286124 0.7542192530672764 0 0 0 1
78.5 3073.6621797431953 0.006468655824278358 0.7356733931812869 0 0 0 1
78.59999999999998 3081.5282165816525 -0.0072019464245158815 0.7161889621477258 0 0 0 1
78.7 3089.3784793682544 -0.005685670805746668 0.7508767396045641 0 0 0 1
78.79999999999998 3097.2386473485894 -0.009195049848699455 0.7714449506759138 0 0 0 1
78.9 3105.092215442515 0.0044581756463912825 0.7752763307776149 0 0 0 1
79.0 3113.006754685435 -0.0015530345741581186 0.750741934869211 0 0 0 1
79.09999999999998 3120.8979723457087 0.003855536512105573 0.738981386595924 0 0 0 1
79.2 3128.8105576104053 -0.014163540161121091 0.7781545834411645 0 0 0 1
79.29999999999998 3136.726807028515 -0.002960313163043793 0.7596311893396432 0 0 0 1
79.4 3144.6579936663925 0.007206536789567508 0.7973770594512644 0 0 0 1
79.5 3152.5926199830183 0.003206942292194981 0.7464868657432362 0 0 0 1
79.59999999999998 3160.5284345259693 0.009151095564561729 0.7688907734302575 0 0 0 1
79.7 3168.468488973297 0.019499756103186883 0.7975144456320322 0 0 0 1
79.79999999999998 3176.4312706652313 0.023663562889851164 0.7759086313128591 0 0 0 1
79.9 3184.4246765454063 0.014057306255040203 0.8147628248368619 0 0 0 1
80.0 3192.4186167261378 -0.00652473120499053 0.7742865040945617 0 0 0 1
80.09999999999998 3200.3927799758894 -0.011097472390702023 0.7576366776611394 0 0 0 1
80.2 3208.3837287172264 -0.004279557536165157 0.8043060352142675 0 0 0 1
80.29999999999998 3216.4140156111976 -0.005984145013940179 0.819301969249409 0 0 0 1
80.4 3224.4479359301495 0.012894357079062502 0.831332561129102 0 0 0 1
80.5 3232.4930408436103 0.010655853936214044 0.7978814126809084 0 0 0 1
80.59999999999998 3240.527492581432 -0.001836100281934705 0.8457207599728918 0 0 0 1
80.7 3248.5870804382525 -0.011935335871839925 0.840977132487069 0 0 0 1
80.79999999999998 3256.6558428704056 0.008160488257772158 0.8217093647710954 0 0 0 1
80.9 3264.7318930400074 -0.008245894640253937 0.8602191268357728 0 0 0 1
81.0 3272.810336106779 0.004332747543799087 0.8435106428512427 0 0 0 1
81.09999999999998 3280.9073266828927 0.014320199104531639 0.8602631225157893 0 0 0 1
81.2 3289.0022891153035 -0.01053060790525251 0.8520422295887329 0 0 0 1
81.29999999999998 3297.1337921124964 0.0005781504661399595 0.8368245855642726 0 0 0 1
81.4 3305.258568339572 -0.013850887885496377 0.8556624032398759 0 0 0 1
81.5 3313.3874420359043 -0.008024494373444213 0.853023978768988 0 0 0 1
81.59999999999998 3321.5184717972134 -0.018652404147360357 0.8860927857410843 0 0 0 1
81.7 3329.6804177187014 -0.006665548455657699 0.8543771999643468 0 0 0 1
81.79999999999998 3337.8648217656473 -0.012895488971253144 0.870886863826172 0 0 0 1
81.9 3346.018847054953 -0.0036976914451543053 0.9206943586473244 0 0 0 1
82.0 3354.222237760091 0.0021547262161902836 0.8973130166029932 0 0 0 1
82.09999999999998 3362.4134596071785 -0.014450499591930566 0.8712297587578632 0 0 0 1
82.2 3370.620346038081 -0.00341430953994859 0.8969798812263434 0 0 0 1
82.29999999999998 3378.841172171271 -0.00983980738487844 0.8668835929229317 0 0 0 1
82.4 3387.0459743579927 0.007010095143073158 0.8868088312624423 0 0 0 1
82.5 3395.2909794952366 -0.004041484460117317 0.9119208961058121 0 0 0 1
82.59999999999998 3403.538081749986 -0.003406991847214158 0.88781066585193 0 0 0 1
82.7 3411.7893340078517 -0.004549880033323461 0.9126471777326515 0 0 0 1
82.79999999999998 3420.057588653201 -0.006921725695974601 0.9074890156416586 0 0 0 1
82.9 3428.341387098245 -0.015670495550807573 0.9245996639117493 0 0 0 1
83.0 3436.621833461936 0.006058148690613052 0.9390742267594305 0 0 0 1
83.09999999999998 3444.9183523721467 0.015335935889766006 0.974132338242498 0 0 0 1
83.2 3453.229448172699 0.0116306515259339 0.9264303228155768 0 0 0 1
83.29999999999998 3461.5357551486954 -0.01066593554321571 0.9296218657304962 0 0 0 1
83.4 3469.8748166958167 -0.008823777446536951 0.9711069465090532 0 0 0 1
83.5 3478.2006702997796 -0.013632014624704425 0.9309709447502428 0 0 0 1
83.59999999999998 3486.5554261093666 0.003596383009607962 0.9711099359424225 0 0 0 1
83.7 3494.8983203372986 -0.0009197072711231158 0.9373035646701737 0 0 0 1
83.79999999999998 3503.2680176113904 0.0009927504343067994 0.9612753670505754 0 0 0 1
83.9 3511.632317274277 0.017057743553777982 0.961098021706448 0 0 0 1
84.0 3520.021306950577 -0.0023584167261105904 1.0296896780823772 0 0 0 1
84.09999999999998 3528.4223125706726 0.0010667188820434603 0.9690928548941429 0 0 0 1
84.2 3536.8302019548555 0.016093149436642307 0.981273377904472 0 0 0 1
84.29999999999998 3545.2492474650135 -0.01147014838488758 1.0070468254411935 0 0 0 1
84.4 3553.662012059028 0.007083113510020667 0.9793938807679297 0 0 0 1
84.5 3562.1203245247148 -0.002240618500650271 0.9966654922959606 0 0 0 1
84.59999999999998 3570.542175482303 0.006849011186545795 0.983702344610947 0 0 0 1
84.7 3579.008347514858 -0.009428733673644274 1.0398151384276844 0 0 0 1
84.79999999999998 3587.4768901696043 0.0008114161189496372 0.9962590900970554 0 0 0 1
84.9 3595.9456597724593 0.007579189394732566 1.0384698377454242 0 0 0 1
85.0 3604.429394422717 0.0036765168053989328 0.9960131198126874 0 0 0 1
85.09999999999998 3612.929323300589 0.011420643656265383 1.023915146560057 0 0 0 1
85.2 3621.435515015103 -0.0040980049175232125 1.0518984506384186 0 0 0 1
85.29999999999998 3629.942912189871 -0.0054198916786845075 1.0361396094303927 0 0 0 1
85.4 3638.4738347523103 0.022868170065862614 1.0695623000999603 0 0 0 1
85.5 3647.0284016788933 -0.0056122331881169885 1.0678043491370772 0 0 0 1
85.59999999999998 3655.55791292084 0.0029343142049356175 1.0451268139906915 0 0 0 1
85.7 3664.1085704056754 0.007590075869870816 1.0463004744283353 0 0 0 1
85.79999999999998 3672.6793922993875 0.006469048477015349 1.0731429008130817 0 0 0 1
85.9 3681.2664755079 -0.016273406509981214 1.087718286082918 0 0 0 1
86.0 3689.8364157056076 0.016781374640117974 1.0687914522252413 0 0 0 1
86.09999999999998 3698.448374569418 0.008176034553002864 1.0596906063681217 0 0 0 1
86.2 3707.0445026665875 0.020697338384138675 1.0890002675705546 0 0 0 1
86.29999999999998 3715.6712132007933 -0.01612876550996134 1.0823049037949204 0 0 0 1
86.4 3724.27863727484 0.00795817723098935 1.0835002174267174 0 0 0 1
86.5 3732.9144965182886 0.014565022439228414 1.08886551396904 0 0 0 1
86.59999999999998 3741.5535681195497 0.008571426822527428 1.1053913656091936 0 0 0 1
86.7 3750.2166667891597 0.004183628547025364 1.109711863077564 0 0 0 1
86.79999999999998 3758.902376842246 -0.0031408560988666068 1.1405561750150355 0 0 0 1
86.9 3767.5648873445243 -0.0013649786811811282 1.104551152462136 0 0 0 1
87.0 3776.2480861358777 -0.0010718803372355978 1.119281799788041 0 0 0 1
87.09999999999998 3784.9313113629964 -0.0020750698722622474 1.1526153042236729 0 0 0 1
87.2 3793.660874564374 0.008681738742893685 1.0987475523186276 0 0 0 1
87.29999999999998 3802.370721825738 0.003199901086304635 1.1232414465971488 0 0 0 1
87.4 3811.0834217978027 -0.002248290409852416 1.1549273432076461 0 0 0 1
87.5 3819.8318602464087 -0.0048766305467324855 1.1494486559624875 0 0 0 1
87.59999999999998 3828.562549546397 -0.0013626275382421227 1.135363399495418 0 0 0 1
87.7 3837.329666724802 0.008346448471115764 1.1452300936105075 0 0 0 1
87.79999999999998 3846.087246621815 -0.007281126387283621 1.165251229473597 0 0 0 1
87.9 3854.8546273270686 -0.004930492714265711 1.156535132751742 0 0 0 1
88.0 3863.6377465882365 -0.014111882120118935 1.1740275977319925 0 0 0 1
88.09999999999998 3872.4290996079817 -0.014303489702797378 1.188608882669314 0 0 0 1
88.2 3881.2589745230152 0.0015237825549547779 1.1790496932310361 0 0 0 1
88.29999999999998 3890.0747058588436 0.003870264971510551 1.1685787048677412 0 0 0 1
88.4 3898.895796646973 -0.0028896646537077686 1.1602161263679136 0 0 0 1
88.5 3907.7229375596144 0.0060966856783579715 1.2285648863419283 0 0 0 1
88.59999999999998 3916.5606537956714 -0.013979944897414498 1.1789812138524667 0 0 0 1
88.7 3925.423066105694 0.002701530326021384 1.2267374146829297 0 0 0 1
88.79999999999998 3934.301605905399 -0.001373713182715619 1.2503633610178895 0 0 0 1
88.9 3943.171916945098 0.009061332002488598 1.2179269020898573 0 0 0 1
89.0 3952.0471708337423 -0.0033213474633839724 1.2147154470956139 0 0 0 1
89.09999999999998 3960.955373900961 0.00641415197844708 1.2353193850601656 0 0 0 1
89.2 3969.8579512520437 -0.003247017659305129 1.2423999827703938 0 0 0 1
89.29999999999998 3978.7748851274837 -0.0030961429702074383 1.2454980575712398 0 0 0 1
89.4 3987.680412965273 0.0062925269571678655 1.2541493148667087 0 0 0 1
89.5 3996.6409854823214 -0.010523235892037519 1.267685187840243 0 0 0 1
89.59999999999998 4005.5698977398943 -0.010555841064160632 1.2287011799696756 0 0 0 1
89.7 4014.539676720545 0.024627019206263867 1.3026534863213328 0 0 0 1
89.79999999999998 4023.502178633072 -0.0060213141930489655 1.2655563154846732 0 0 0 1
89.9 4032.483973057898 -0.010979234631918189 1.300891415338583 0 0 0 1
90.0 4041.4732743632767 -0.0038365136896345575 1.3019611618406088 0 0 0 1
90.1 4050.436102517045 -0.0016428106180228497 1.3022316796534597 0 0 0 1
90.2 4059.46881247868 -8.384644161196775e-05 1.3003083437863552 0 0 0 1
90.3 4068.4719608859214 -0.010795707330316873 1.3113122909605863 0 0 0 1
90.4 4077.5072273007418 0.015221737578599459 1.3267752751430635 0 0 0 1
90.5 4086.528584423353 -0.00970378126316973 1.332357550461893 0 0 0 1
90.6 4095.584615001726 0.007710216692430549 1.3001259897937416 0 0 0 1
90.7 4104.643285171594 0.0011091733632611067 1.336469793267952 0 0 0 1
90.8 4113.715902358411 -0.01104682050640804 1.3648091159357136 0 0 0 1
90.9 4122.778585862639 -0.012263968128763736 1.3540115614057413 0 0 0 1
91.0 4131.875790959306 0.004934004243068557 1.3413597088549523 0 0 0 1
91.1 4140.966830607188 -0.015342593029572527 1.3497638181631828 0 0 0 1
91.2 4150.057971123295 -0.0005376170269073555 1.3440832613875955 0 0 0 1
91.3 4159.179838708946 0.0033455754218039147 1.3387665294228555 0 0 0 1
91.4 4168.314006715404 0.024244666115919244 1.3545868965347836 0 0 0 1
91.5 4177.432834271713 -0.014892753734557118 1.3703614783635203 0 0 0 1
91.6 4186.593320763055 0.00819211185421409 1.3500838643949464 0 0 0 1
91.7 4195.726847273488 0.004565883637042134 1.3831040244233463 0 0 0 1
91.8 4204.904467141703 0.017730137456737793 1.4050599161223545 0 0 0 1
91.9 4214.089487953557 -0.005741473781768036 1.3978348055723018 0 0 0 1
92.0 4223.273258292194 0.009992723682103133 1.4064871143073105 0 0 0 1
92.1 4232.487366434671 -0.008039131821874435 1.3961142622240459 0 0 0 1
92.2 4241.665749191216 -0.0050325501512134 1.4287221972931547 0 0 0 1
92.3 4250.879107538674 0.007433706175902444 1.4065987969693197 0 0 0 1
92.4 4260.106336678395 0.008288365527619135 1.3972673031346403 0 0 0 1
92.5 4269.336404308831 0.00582193901334449 1.4399538315278733 0 0 0 1
92.6 4278.586552547553 0.00959014354032206 1.4183130632611665 0 0 0 1
92.7 4287.849719633362 -0.004125873077327924 1.434163122101154 0 0 0 1
92.8 4297.1146890692735 0.012667659691828703 1.4659947896491303 0 0 0 1
92.9 4306.389462365943 -0.017891978169245704 1.4742807491693384 0 0 0 1
93.0 4315.675274457085 -0.006881188002580529 1.4433854947085365 0 0 0 1
93.1 4324.960427711927 -0.0166640481226068 1.4789346860584374 0 0 0 1
93.2 4334.278547480173 0.008814025835022221 1.4758312120682149 0 0 0 1
93.3 4343.598554851376 0.006054704377334019 1.4850298670946813 0 0 0 1
93.4 4352.928203109696 -0.01351481066967608 1.5081989246746161 0 0 0 1
93.5 4362.25099989744 -0.004543976328136523 1.4995309404237105 0 0 0 1
93.6 4371.604068629215 0.0008239752829695135 1.4960104860917909 0 0 0 1
93.7 4380.948906582103 0.010620800737001446 1.5127370739435264 0 0 0 1
93.8 4390.305095483478 0.0058918117719031216 1.5057603498546541 0 0 0 1
93.9 4399.701127921047 -0.006204222676387872 1.5346237020698936 0 0 0 1
94.0 4409.0730661613725 -0.007925769200141985 1.5580337965634499 0 0 0 1
94.1 4418.469444288614 -0.009934310339190233 1.55402952188183 0 0 0 1
94.2 4427.88366968731 0.0065889140768149446 1.5584046637866322 0 0 0 1
94.3 4437.285935579403 -0.010962706331270056 1.5191702283430004 0 0 0 1
94.4 4446.717629077241 0.019216665316207582 1.5344361842678609 0 0 0 1
94.5 4456.160196313784 0.0032141921354877923 1.5836948126141124 0 0 0 1
94.6 4465.606568163707 0.001676395717709056 1.585859445144024 0 0 0 1
94.7 4475.050121425518 -0.001407500493542102 1.614365671740643 0 0 0 1
94.8 4484.52984513713 -0.010660460067583699 1.5799603852597102 0 0 0 1
94.9 4494.011551416751 -0.014088079147200006 1.600987700862106 0 0 0 1
95.0 4503.475302742604 -0.00618718991336209 1.6204941922792386 0 0 0 1
95.1 4512.983747477147 -0.0056623318425863545 1.6072879896171344 0 0 0 1
95.2 4522.481754282174 0.003266341017024388 1.5983656166392848 0 0 0 1
95.3 4532.001847055262 0.0017388442013270833 1.6372394104421346 0 0 0 1
95.4 4541.525993450177 -0.005641325953433807 1.6661315235312486 0 0 0 1
95.5 4551.065148295047 -0.008876321209868365 1.631512734426451 0 0 0 1
95.6 4560.589231258109 -0.00988809450257122 1.623365471901252 0 0 0 1
95.7 4570.159352633259 0.008937739319435423 1.6414339357102108 0 0 0 1
95.8 4579.715344431022 0.012191134103090917 1.6692998044775322 0 0 0 1
95.9 4589.287657359357 -0.008343726779003191 1.6685404180957448 0 0 0 1
96.0 4598.886939814858 -0.0024732397147317897 1.6704134982464893 0 0 0 1
96.1 4608.476695492491 0.01310298547923594 1.6558579998779805 0 0 0 1
96.2 4618.091534819345 0.010225117932805006 1.6662066550718464 0 0 0 1
96.3 4627.719068177838 -0.007658949280084926 1.6865440598633086 0 0 0 1
96.4 4637.342556947902 -0.012878159329375194 1.7118291620033688 0 0 0 1
96.5 4646.969294840834 0.002770899574898067 1.6920345779321906 0 0 0 1
96.6 4656.620555096626 0.003821082120907704 1.6915573964438408 0 0 0 1
96.7 4666.279536308888 0.011633196895104447 1.7032342551572128 0 0 0 1
96.8 4675.925767273232 -0.0033930614458768105 1.7216079565243945 0 0 0 1
96.9 4685.614443009812 -0.005798021115083429 1.7203789398045046 0 0 0 1
97.0 4695.286406072846 0.0033651479612899493 1.7692745649915196 0 0 0 1
97.1 4704.995152709793 0.0021311517965614257 1.7263682935295037 0 0 0 1
97.2 4714.68168682487 -0.0007755114303336086 1.7762970262861018 0 0 0 1
97.3 4724.40146976378 -0.003455742486039526 1.777999006200389 0 0 0 1
97.4 4734.150682087951 -0.0027981778999901508 1.7464572839407992 0 0 0 1
97.5 4743.8641921286035 0.002615704390564133 1.7669426252796256 0 0 0 1
97.6 4753.60613416494 -0.00995545238208706 1.7760005936611378 0 0 0 1
97.7 4763.363086110489 -0.012707658459135018 1.800434695138847 0 0 0 1
97.8 4773.136656945524 -0.022176786079853628 1.8051084398093735 0 0 0 1
97.9 4782.9009776952025 0.01746742263003398 1.812428596103473 0 0 0 1
98.0 4792.711090653028 0.0056469248227131175 1.8132659565626454 0 0 0 1
98.1 4802.4812079628155 -0.016537246793518534 1.819467098455334 0 0 0 1
98.2 4812.306228575825 -0.008783928979710254 1.7775369095484166 0 0 0 1
98.3 4822.126172433533 0.004541278596434495 1.8391929797689954 0 0 0 1
98.4 4831.9385416395135 -0.0024425451201750548 1.810172602570674 0 0 0 1
98.5 4841.776259281585 -0.002155950155611208 1.8550478613728956 0 0 0 1
98.6 4851.616804451314 0.008874905895368101 1.8920354966726336 0 0 0 1
98.7 4861.481946601153 0.005980474534453606 1.8652744344931307 0 0 0 1
98.8 4871.342357168813 0.0018846990127485697 1.863417788836614 0 0 0 1
98.9 4881.229987050424 0.018765030608960842 1.8785358531490601 0 0 0 1
99.0 4891.109677062797 0.000871469865387553 1.895301863206896 0 0 0 1
99.1 4901.006679887061 -0.004780948571692534 1.894922576987483 0 0 0 1
99.2 4910.903803142806 0.005421189559569939 1.9022565424079403 0 0 0 1
99.3 4920.816422616671 0.002463854176426139 1.9159303060114325 0 0 0 1
99.4 4930.720729696843 -0.009783277809106039 1.9295013488926998 0 0 0 1
99.5 4940.685891100955 0.01130673343163835 1.9566227192804035 0 0 0 1
99.6 4950.618559020619 -0.004267075140091947 1.944116107366881 0 0 0 1
99.7 4960.579212731571 -0.011667935093328197 1.9231461934841718 0 0 0 1
99.8 4970.554377227423 0.009911526550467897 1.9546827116264467 0 0 0 1
