0.0 2.033851863039269 1.5371457038678034 -5.817409716265702 0 0 0 1
1.0 -12.836838771632168 2.0925295676217406 -6.0585490741004095 0 0 0 1
2.0 -6.9126601966818475 -4.332596741034732 -7.768308388002894 0 0 0 1
3.0 2.7418270239302216 -6.123765074372562 -8.107251148122556 0 0 0 1
4.0 6.7333163463890635 1.0358639778986 -1.9308793285621575 0 0 0 1
5.0 -2.365999504831156 -1.344529624079411 -9.258526041485677 0 0 0 1
6.0 -3.5398643199590962 4.577214842242219 7.732105887466404 0 0 0 1
7.0 -2.54618406631781 -2.261296664789849 6.155769273266167 0 0 0 1
8.0 2.488531408505283 0.1770421304497424 -0.27367248958115276 0 0 0 1
9.0 -5.709909167638882 2.4564981268024666 -6.946745951284133 0 0 0 1
10.0 -9.456209524091332 3.3565750028556067 7.196541412981532 0 0 0 1
11.0 3.800470198004773 0.2474964038298797 -8.28472706105845 0 0 0 1
12.0 2.3010869291526515 0.1486707260798446 -1.9974026520955095 0 0 0 1
13.0 -0.9661146115849699 -0.8081625261909011 -7.59912899845399 0 0 0 1
14.0 0.33096116944536913 1.2858088391228086 -6.958853304208114 0 0 0 1
15.0 5.031901368804722 11.181088861852622 3.735328282743747 0 0 0 1
16.0 1.60687012051629 7.406521120701781 -3.8546180663134497 0 0 0 1
17.0 -9.8798024402311 3.1990160651513975 7.323351340279749 0 0 0 1
18.0 4.648945822712829 3.9095119514751846 4.912496083960571 0 0 0 1
19.0 -4.955587561954559 5.757969001585864 -2.408074100106532 0 0 0 1
20.0 -11.143676028792761 -1.0552790077063183 -2.804025980962603 0 0 0 1
21.0 -2.1930123548586975 -6.970355066030413 -2.3310526884195104 0 0 0 1
22.0 -12.268173518117123 -3.865437941627076 -6.419535989162693 0 0 0 1
23.0 -6.777625280541649 0.9636261961441095 11.043234628042299 0 0 0 1
24.0 2.93186930669272 0.7997772025648766 -9.131766337362617 0 0 0 1
25.0 -2.446322870568942 1.0868170713429735 -2.941271735784156 0 0 0 1
26.0 -12.532012472159515 3.7400756777144117 -11.97081406442034 0 0 0 1
27.0 -0.7625127596164326 -0.27793357466801805 -2.861280962315651 0 0 0 1
28.0 0.12595580500778336 1.453384642973484 -11.727802362895865 0 0 0 1
29.0 -1.0930540062703478 -7.151085920038505 -7.155173407462626 0 0 0 1
30.0 1.1580687863135442 -3.1199878653791897 -2.842630045881116 0 0 0 1
31.0 -1.3619317958949706 -2.5781066110841864 5.940596489360854 0 0 0 1
32.0 2.374378456584842 5.446957975067718 -4.147945764151521 0 0 0 1
33.0 -2.0497710345274553 -2.087455663237569 -16.998202874007234 0 0 0 1
34.0 1.1150133038432353 -4.559360603276699 -1.8461384509249028 0 0 0 1
35.0 -8.203473618967779 -5.095304510262245 1.8055908047577893 0 0 0 1
36.0 -0.8383025954527632 -3.0931737037412486 9.360931729835583 0 0 0 1
37.0 -0.42074992435309977 3.610875991597072 1.1727964706564433 0 0 0 1
38.0 12.345665601036295 -8.265364249358862 -1.4516980294569732 0 0 0 1
39.0 1.8526443562125472 4.256903426935876 1.2950742229164116 0 0 0 1
40.0 6.015465122383649 -1.4531824515250737 4.283233430333324 0 0 0 1
41.0 -2.0838493128082893 -6.779386445134534 13.821234997324428 0 0 0 1
42.0 -3.4718241532989333 -1.9643606969185616 9.463607949490761 0 0 0 1
43.0 -6.740261169428309 -2.2504448978598113 6.682330479625385 0 0 0 1
44.0 -7.577771636461084 8.560010302269518 7.719273467214549 0 0 0 1
45.0 -6.4681757108245606 -2.942014144937821 1.4288538854174895 0 0 0 1
46.0 3.8610662500706687 -2.9169405461917974 3.4736588400163275 0 0 0 1
47.0 -7.245229809714374 6.178521004418286 8.065021541567628 0 0 0 1
48.0 -11.63889287840525 -2.1813565197816196 8.555670146804248 0 0 0 1
49.0 6.911768574533947 -9.682714006340909 -5.272661417603692 0 0 0 1
50.0 -6.220937632103431 -8.597130569661152 -6.099706791500486 0 0 0 1
51.0 -16.279324903650185 -0.20458801349221223 5.789665267497162 0 0 0 1
52.0 -11.611714731182506 -2.615193906003395 -10.769563272683175 0 0 0 1
53.0 -0.41896689362013806 7.6843234045351085 3.085842323665758 0 0 0 1
54.0 4.749753607349301 -5.052040757318276 -2.0914139239705394 0 0 0 1
55.0 -3.679154168272935 -3.782537628439485 -10.9368914293457 0 0 0 1
56.0 1.5037036018450252 -2.0058622454278074 -7.590560766322186 0 0 0 1
57.0 0.672474013720674 -4.643540017426564 0.5750120324265658 0 0 0 1
58.0 11.756582810587819 0.8482151260848125 -1.810216734717907 0 0 0 1
59.0 -2.8157736189294518 -0.35961554467346435 -8.034166629534816 0 0 0 1
60.0 1.3720783785606248 -2.374436751575854 5.060599860037332 0 0 0 1
61.0 -1.5690220728719568 -2.9868493143702772 11.792762530928893 0 0 0 1
62.0 -2.9902004482970126 4.83233446837772 -0.46683494883116916 0 0 0 1
63.0 -8.489056859491827 1.0007133901961263 5.076931594904799 0 0 0 1
64.0 -0.16797579815891334 1.273830154172506 0.2115322661127053 0 0 0 1
65.0 3.1997493849850063 4.046943468484309 8.2409703766574 0 0 0 1
66.0 1.86416652461656 3.6205784618487082 -15.230477926099795 0 0 0 1
67.0 0.5611928463733751 0.10130635227446305 16.809833053314755 0 0 0 1
68.0 6.48952171801357 2.1335785658250224 2.0442172158366163 0 0 0 1
69.0 -0.328365713448302 1.8935318982419946 7.870845429004309 0 0 0 1
70.0 3.513014320899834 -6.282728272339611 -2.8253063649491983 0 0 0 1
71.0 -3.510210530193001 2.28878409226367 -5.660878534275134 0 0 0 1
72.0 4.196422151403421 9.691640640349682 9.488810666420207 0 0 0 1
73.0 5.891248300711709 0.57297714190002 -4.602153574339697 0 0 0 1
74.0 6.402773734831078 -4.290210799359797 -8.645212040938343 0 0 0 1
75.0 5.167726363612996 2.017214604054724 1.8301846686015986 0 0 0 1
76.0 -0.17014130805942174 -2.3821790708748187 -1.9366643862204729 0 0 0 1
77.0 1.9272165232878158 10.96008949275995 6.629148493992859 0 0 0 1
78.0 -3.2146725788146084 -6.4194355980401046 3.0771563352716305 0 0 0 1
79.0 0.7850531258728548 -0.4762070655670607 -9.862706363085302 0 0 0 1
80.0 0.0862646178164368 -3.0072348665135338 -1.14211453512757 0 0 0 1
81.0 0.9147759152878154 -5.7251134837764805 -9.432466379297347 0 0 0 1
82.0 6.278016159499543 0.37626871514815186 0.44276208346291 0 0 0 1
83.0 -1.394476803953927 -3.107298753168873 -10.372528348425314 0 0 0 1
84.0 4.803009646846725 -3.6234995482159 -11.176940452985473 0 0 0 1
85.0 5.088492527604183 -1.9967668259039366 2.1475626658056677 0 0 0 1
86.0 5.785980763897584 -3.1155192468260573 1.9365699217232986 0 0 0 1
87.0 4.841229944732771 -2.0169465694311848 10.458468488417376 0 0 0 1
88.0 -4.9342989178023196 3.892560856608352 3.1501165207412387 0 0 0 1
89.0 0.3891939266380976 -0.3344526310470497 0.7232416539352292 0 0 0 1
90.0 5.2003599544207475 -0.13135755952345374 3.191712926910917 0 0 0 1
91.0 5.331112813909801 -3.9625994980811132 -0.7172556362154052 0 0 0 1
92.0 -7.200146699744405 1.9013435510213617 3.629337138768891 0 0 0 1
93.0 -3.134877468416069 10.829624549599439 -13.547631035879498 0 0 0 1
94.0 -3.074589239248196 -2.163922211507418 -8.653603564731391 0 0 0 1
95.0 6.4903687555899605 -0.10536784200983068 -5.4759490948295 0 0 0 1
96.0 -4.742921369898883 -4.487367126257287 4.609010056335518 0 0 0 1
97.0 8.372175083897922 -0.10506533307710209 3.6492340196932234 0 0 0 1
98.0 -1.580589117885454 3.1189727405625876 11.482445128447479 0 0 0 1
99.0 4.741109734965876 -2.6759784973201777 1.0165696229056715 0 0 0 1
100.0 -6.675062237434879 -7.222188533057206 3.148247603670249 0 0 0 1
101.0 -8.06798584061478 -2.226270526680344 8.699050060470876 0 0 0 1
102.0 0.8118576990921182 -1.850241366880136 -8.28134728133135 0 0 0 1
103.0 -0.44392439698258246 3.130777642363713 -1.1563101084805476 0 0 0 1
104.0 1.1709202330547592 4.49572297699973 7.017773538649922 0 0 0 1
105.0 1.2151098273545424 -0.764000450222033 1.7187558771665024 0 0 0 1
106.0 -6.587864839419186 1.0702819688937795 6.6245264844389276 0 0 0 1
107.0 -0.40534311557920333 4.351054658912051 -1.0701187049741745 0 0 0 1
108.0 -5.187908702097719 1.8386496584167669 2.9544045821872498 0 0 0 1
109.0 2.930376938126857 0.0025057224757122354 0.5454217293497021 0 0 0 1
110.0 1.0875790404951067 -0.5635689064987965 -9.153768906302275 0 0 0 1
111.0 10.08710998978535 -0.5547277721426582 -1.1887472726139938 0 0 0 1
112.0 -2.4913094957108495 -2.7636113919874097 0.059645588797631044 0 0 0 1
113.0 2.5622329425060686 -2.767474068183207 -7.007998301812497 0 0 0 1
114.0 6.509476531094392 -4.670333207530739 -3.5593833712558567 0 0 0 1
115.0 -12.540429779319625 -1.7436440507192623 3.943274747761149 0 0 0 1
116.0 0.14474829666494493 4.707451231635142 -16.99344053322534 0 0 0 1
117.0 5.0372234125627475 -2.007869691381271 7.853555371924061 0 0 0 1
118.0 2.7914015111354016 -4.263431069894119 3.396918922213589 0 0 0 1
119.0 -3.0841517382253656 2.5561284051292223 -9.526777461061066 0 0 0 1
120.0 5.454214301315531 7.0934162436546515 6.742176928833058 0 0 0 1
121.0 -7.475452050947 -1.3515976363633564 0.6052845300563838 0 0 0 1
122.0 -0.9415985946129484 -6.31420842965807 4.748195585925537 0 0 0 1
123.0 0.8553064077302727 -0.7110662915835392 1.2955275707226634 0 0 0 1
124.0 3.662326361299438 -8.972230280201265 9.24726200394147 0 0 0 1
125.0 3.32977162356387 -8.005398549356736 1.4694624134622456 0 0 0 1
126.0 -5.452699589007972 1.6589713126899188 -2.9398648244362295 0 0 0 1
127.0 3.581226679194904 -0.2772989788776017 -10.138170932436424 0 0 0 1
128.0 1.5037991523551368 2.9944178351775848 9.80523442937599 0 0 0 1
129.0 -8.437465117926552 -2.7878243689470077 0.11926742675691715 0 0 0 1
130.0 -2.6045134530823955 -2.3662786451095466 8.5195144368959 0 0 0 1
131.0 -0.7210587381567852 0.7496890670896206 6.225350234277313 0 0 0 1
132.0 6.219837723597541 1.5116610787239613 -3.588807170134473 0 0 0 1
133.0 4.1230377258162445 8.846079225759564 -6.140368252169855 0 0 0 1
134.0 3.0146984342314767 4.662737201918737 5.89860714059681 0 0 0 1
135.0 0.0485635892972911 -4.207507819982268 7.467163991037249 0 0 0 1
136.0 4.160317358241514 3.5463942322352966 5.417533599342315 0 0 0 1
137.0 -3.870215530508559 -4.103477275239894 -0.02753553175464729 0 0 0 1
138.0 -4.431985389333924 5.183518787386576 -13.014140370697218 0 0 0 1
139.0 3.649963943952274 -6.584930010635492 14.305372089306234 0 0 0 1
140.0 -2.851802910224629 -0.36210237733754047 -7.135677068344584 0 0 0 1
141.0 0.3996939435154925 -6.1914609487208505 9.684196835311669 0 0 0 1
142.0 -4.726086931557486 5.330284342679978 10.875688951085422 0 0 0 1
143.0 1.2029494600283726 1.8691333773745562 4.214123196757111 0 0 0 1
144.0 -2.02650794142747 -3.744060003987596 -13.655878763890438 0 0 0 1
145.0 -0.16942976981994962 -4.668423126803314 3.46304406501983 0 0 0 1
146.0 -4.991479280825685 1.7039266153209496 -2.6461383631232414 0 0 0 1
147.0 -2.846572276653819 -2.936857738554148 -5.958654949540581 0 0 0 1
148.0 5.487332023914835 4.475918457730854 -8.446924471886714 0 0 0 1
149.0 -6.884494157107378 1.9885557280129502 3.0678993731529602 0 0 0 1
150.0 8.206357398261288 6.328930988984922 -10.1221933588518 0 0 0 1
151.0 5.762555913966812 0.532417176732766 -3.6655273501599344 0 0 0 1
152.0 1.7943794736551661 5.139620110606172 -0.7629332621782476 0 0 0 1
153.0 3.298814991692438 2.240065279033093 0.6571176044767277 0 0 0 1
154.0 1.9491990880681116 -2.9949840026368535 0.40099387471657466 0 0 0 1
155.0 3.571939639003738 5.406242825997124 -0.6188119106684724 0 0 0 1
156.0 2.4196652354163057 2.206732089108515 -9.511131343014673 0 0 0 1
157.0 -6.615845024691825 -0.552723785661003 8.649588808067314 0 0 0 1
158.0 -0.6668188632734762 10.900551460217923 4.043462739560933 0 0 0 1
159.0 -1.389652121928469 5.75534479126037 -9.764471901172852 0 0 0 1
160.0 3.3579953639196236 0.47353345921081913 4.665486111301096 0 0 0 1
161.0 1.8551292443226348 -2.039554888963868 8.094565403940646 0 0 0 1
162.0 2.464967600463959 0.889233150385828 2.245470717367501 0 0 0 1
163.0 4.418523926432473 -3.569683620970528 11.27794067239616 0 0 0 1
164.0 -7.122446238591255 1.5833968172564181 -6.405485392546953 0 0 0 1
165.0 -0.7326335998326468 -5.517139865158711 1.4800375521189162 0 0 0 1
166.0 -2.16679950040115 0.23248623738348773 -20.079274134019244 0 0 0 1
167.0 -2.1031271279169585 6.642108673323392 1.8409448775891906 0 0 0 1
168.0 2.8083923163805267 8.764708377303585 5.600005282540324 0 0 0 1
169.0 -11.727997394494018 1.1804842604417942 -4.055900694588653 0 0 0 1
170.0 -5.180541806318697 0.37955766917982925 8.877239117649886 0 0 0 1
171.0 1.1813245786083155 -0.8360873656030395 -2.9715679697142034 0 0 0 1
172.0 -1.5417648852450003 5.801379106483614 -2.470038125567393 0 0 0 1
173.0 7.3999659206986035 2.9510206299046047 4.187702746820309 0 0 0 1
174.0 10.221948912330195 -0.004675543488747991 2.286681351158249 0 0 0 1
175.0 -8.152040512708727 1.5665190156749345 0.32108032104187867 0 0 0 1
176.0 -0.9445838652210861 -3.765456239750948 9.128331170043966 0 0 0 1
177.0 -5.4801658532611075 -6.418206674196686 9.348336436028951 0 0 0 1
178.0 -6.0477382636137325 -4.741652792549259 14.961567159652198 0 0 0 1
179.0 -4.789030774863344 -3.8511048297560513 8.67872300168635 0 0 0 1
180.0 -5.483159164106928 6.042649274276164 1.1977030556931505 0 0 0 1
181.0 -0.012520422598331749 -7.565863496679281 -13.389910953263353 0 0 0 1
182.0 0.9216391668654857 -4.203768000476936 2.533809584511145 0 0 0 1
183.0 -5.3802288551749315 7.772980665069134 3.195770429258993 0 0 0 1
184.0 3.0777625660838552 -1.6102245203623373 5.686309282690464 0 0 0 1
185.0 -2.9773950698094547 -1.4496595355532471 1.9713080105443352 0 0 0 1
186.0 -7.107368734823072 -9.233337564424836 -0.3938183848451442 0 0 0 1
187.0 4.636290254852717 -0.8785521042830323 -7.951065082776681 0 0 0 1
188.0 -1.0739762071866052 -0.8262397207927028 2.210959762551018 0 0 0 1
189.0 -3.362582105845214 -5.421337906277123 1.7104777387797665 0 0 0 1
190.0 -2.6880256259682964 -8.772220978440123 4.421282056082784 0 0 0 1
191.0 5.520193926196464 -2.658732606883851 9.210582892217959 0 0 0 1
192.0 -11.836147983145022 4.306800803116102 0.6251424110841057 0 0 0 1
193.0 -1.9572399313881494 12.626998958139342 -1.809350141323689 0 0 0 1
194.0 -7.555348963956384 -5.63865704324489 -7.1142399954849935 0 0 0 1
195.0 -7.384404579753785 5.456258880797019 -0.3908572163603523 0 0 0 1
196.0 0.42706798925868805 12.31165035879737 1.410879599917972 0 0 0 1
197.0 1.1002694817514644 -8.082558288797495 -16.245076307598325 0 0 0 1
198.0 0.4577869506224208 -3.784650173918487 -3.18896995524467 0 0 0 1
