0.0 6.720835847285384 1.9740633111299748 -0.01331992141373517 0 0 0 1
1.0 21.377981393481157 1.6377434670281035 -3.586036991668478 0 0 0 1
2.0 29.800063047667482 0.9266139989878948 16.92408847869013 0 0 0 1
3.0 61.88130568243128 6.222000382775956 6.167032645027128 0 0 0 1
4.0 80.07231677946356 2.969268747463012 -11.26249564064954 0 0 0 1
5.0 104.05660349496968 -3.7466323085483424 6.466282602205254 0 0 0 1
6.0 130.1131435428729 11.159944338330792 5.048176625719499 0 0 0 1
7.0 134.6342430028929 6.70707586940825 -2.3109752573603544 0 0 0 1
8.0 165.7212876019376 10.859862376186793 2.325290554887758 0 0 0 1
9.0 183.60555748701853 0.3820288452381604 5.937405897381623 0 0 0 1
10.0 194.90706488161766 -0.6510475866638288 8.090042373584652 0 0 0 1
11.0 212.38183475878174 -5.523630987117777 -11.83855788885441 0 0 0 1
12.0 244.77372460092144 -1.6854791656804125 -0.10129217622812803 0 0 0 1
13.0 262.17102683920615 1.1671516117459149 -2.17846840434224 0 0 0 1
14.0 284.95617117420596 2.492203748093573 12.989941979311936 0 0 0 1
15.0 298.0961365736071 -8.155236188138971 -5.100149586129675 0 0 0 1
16.0 326.3320411457779 3.6460774316053133 -0.030642838139755213 0 0 0 1
17.0 350.6312416366473 -5.474950139256421 -1.3618527600127663 0 0 0 1
18.0 351.70905045448916 5.393914466974579 0.19425248093597247 0 0 0 1
19.0 380.3792312774439 0.22177469972298525 2.708981134110047 0 0 0 1
20.0 398.5434123446993 -1.0720726360860766 -12.279062583677273 0 0 0 1
21.0 425.5092359732806 -3.1117679234436935 -1.610548745126124 0 0 0 1
22.0 439.8176627071582 -0.35535700119361024 -0.09583982420048187 0 0 0 1
23.0 463.3512651171004 -2.4298254401921326 -3.928845778449329 0 0 0 1
24.0 487.43834397380795 4.809536069447148 -13.799647355371263 0 0 0 1
25.0 504.64913409856797 -1.0071348829725224 16.2290103485378 0 0 0 1
26.0 523.9363862630728 5.367244852969407 -7.369531196652304 0 0 0 1
27.0 550.3574918828056 3.1318467501254617 2.100946281746616 0 0 0 1
28.0 556.5847993862365 1.6621735520270278 4.436618168538359 0 0 0 1
29.0 577.5445362648626 -0.421790715951218 -6.267805037661873 0 0 0 1
30.0 609.3256496177531 2.444137853044012 -3.481237226289295 0 0 0 1
31.0 622.6026560769119 -6.444884007241342 2.216241743788828 0 0 0 1
32.0 641.1210430758135 -10.585952642622573 1.422444999591562 0 0 0 1
33.0 659.5349802076499 4.94498936059945 -1.651548072586138 0 0 0 1
34.0 673.6333906413042 -4.380115949769532 -14.86040639098411 0 0 0 1
35.0 704.3107050606261 -7.128723862445298 -4.185154373675061 0 0 0 1
36.0 713.4905877662197 -2.073550406840752 -3.763869081564053 0 0 0 1
37.0 745.2714666814079 -6.708715382946508 -6.304695933905066 0 0 0 1
38.0 765.763440047971 -14.134303691723744 -3.2924956489720216 0 0 0 1
39.0 775.4084709002418 -1.229899262408992 10.041799102987738 0 0 0 1
40.0 795.9049562846093 5.531610139255264 -1.8311458584167895 0 0 0 1
41.0 827.6376209214682 9.025532576093298 -2.8598580138478837 0 0 0 1
42.0 837.7227013990962 2.4722312119999685 14.662783632343974 0 0 0 1
43.0 870.118288250277 -4.484992042666761 -3.7995427321229727 0 0 0 1
44.0 884.4029440919395 -3.8866250613466775 0.5747258794683034 0 0 0 1
45.0 898.5910108726384 8.962520207193336 -2.55547770994707 0 0 0 1
46.0 924.1035619212873 -6.2896638169249 6.590053726402516 0 0 0 1
47.0 933.9626532897655 4.503144835091717 -6.598686780917092 0 0 0 1
48.0 961.3114311407209 4.216011975821289 -0.40367968587059977 0 0 0 1
49.0 981.9206873496528 12.302078232924202 -10.681584723610342 0 0 0 1
50.0 998.1871258650007 -0.13878168379514477 -2.949312343786687 0 0 0 1
51.0 1014.677709609689 -0.07667895631328747 -1.02022912727233 0 0 0 1
52.0 1034.8423042071622 6.96445987077513 -0.7807418976556164 0 0 0 1
53.0 1063.1787545909838 7.973159624502131 -12.87265503520024 0 0 0 1
54.0 1085.1679515488331 -2.1052306397724294 -4.750282067347143 0 0 0 1
55.0 1093.3454712111288 -6.294712452569939 -7.61242726013262 0 0 0 1
56.0 1110.897932778426 -2.3517358133294977 6.195483681054839 0 0 0 1
57.0 1139.923502454075 -7.445549481315595 4.221294677007734 0 0 0 1
58.0 1158.5357001835373 4.595096222756467 0.2917987761509835 0 0 0 1
59.0 1177.3553819289477 -0.4637249236680532 -0.6270020182391818 0 0 0 1
60.0 1201.1070233968417 5.2158076440847765 22.01656064169572 0 0 0 1
61.0 1214.1860553075076 -2.041475893110089 0.6446612088134316 0 0 0 1
62.0 1239.5443991879301 0.38664525533681626 9.094851394913917 0 0 0 1
63.0 1261.857302599027 1.2624705625768229 -11.166189611817344 0 0 0 1
64.0 1278.3770436770758 3.851206832205321 9.243930777211517 0 0 0 1
65.0 1308.3734351254784 -3.390604034385092 -14.013961775775442 0 0 0 1
66.0 1319.6502143536813 -1.2003663814736 -1.3374963482951898 0 0 0 1
67.0 1339.426995786565 8.157688106838208 3.1084351377832036 0 0 0 1
68.0 1367.1060451290175 -0.808217659374634 -0.22728091596115974 0 0 0 1
69.0 1378.2741184241504 0.5992172520229246 -0.008818130614599795 0 0 0 1
70.0 1404.2492367461382 -1.3860832334827364 -0.5345590483025262 0 0 0 1
71.0 1420.0244637026922 -2.9471080831429504 1.4324292528721116 0 0 0 1
72.0 1433.534297484147 -0.3461833931448268 6.224052052560978 0 0 0 1
73.0 1456.076596420936 0.5882198676723078 0.5835422490481506 0 0 0 1
74.0 1477.7853887282824 -0.2581673857231408 -0.2567795101649608 0 0 0 1
75.0 1492.5394427565316 -3.38168315749067 2.8269315470683978 0 0 0 1
76.0 1519.3425195231785 0.7776093799175214 -4.713894262426152 0 0 0 1
77.0 1536.1764464021192 2.029876266845349 -4.126689517265959 0 0 0 1
78.0 1558.179450670833 2.6675729167524196 -5.4868496211202 0 0 0 1
79.0 1578.9276130991977 8.6166420078834 12.21896306797214 0 0 0 1
80.0 1597.1374501588232 -11.783081522144585 -3.3546788212917136 0 0 0 1
81.0 1615.0719179971 -2.5256528190892027 7.537872573601703 0 0 0 1
82.0 1638.3022396802062 10.780673589357946 6.239963733711647 0 0 0 1
83.0 1652.6550855087632 4.714031432000411 7.997207057082846 0 0 0 1
84.0 1673.4997822178825 -7.80286522486972 -4.98917630228118 0 0 0 1
85.0 1714.9879475473624 -3.5317079282423833 -15.635656445717473 0 0 0 1
86.0 1731.7238635259596 6.898704513610085 5.546728169239373 0 0 0 1
87.0 1736.6408616717767 -0.4207241725849258 0.4486399530374001 0 0 0 1
88.0 1755.6073744138353 3.079934734460437 6.599149535207175 0 0 0 1
89.0 1783.6180073687544 8.47917757460425 -5.908023095260887 0 0 0 1
90.0 1801.9406738206965 -3.937414366188193 -4.806579297127087 0 0 0 1
91.0 1809.8934015600205 -0.6695581068576075 -5.7714764459984735 0 0 0 1
92.0 1835.7432587481942 -2.5183571166116963 -5.328986406778768 0 0 0 1
93.0 1850.2225730389246 -1.6210710512818878 5.372517647634027 0 0 0 1
94.0 1868.121190285121 2.77988967367736 10.979168396996556 0 0 0 1
95.0 1900.9059106847455 0.33816387892943567 2.002707915639462 0 0 0 1
96.0 1921.969050990348 6.185935681109584 16.407828974095423 0 0 0 1
97.0 1938.8514176354952 3.9531098925353945 -6.04117757082372 0 0 0 1
98.0 1965.5850310579617 -1.0590638883214183 -0.00855586811780995 0 0 0 1
99.0 1976.8116917877678 -1.5482088999104917 -2.6479994759187093 0 0 0 1
100.0 2001.1314080721895 3.52315839843061 -4.0646483568448275 0 0 0 1
101.0 2017.1530737222333 -4.942586733548353 -3.6859033826697214 0 0 0 1
102.0 2045.3147446547541 -3.392308794594385 4.522636732688966 0 0 0 1
103.0 2068.5110436208856 2.191296967723474 -22.73749404391276 0 0 0 1
104.0 2072.571518989418 -4.8642904262814 -14.215596237984869 0 0 0 1
105.0 2108.6846050891654 -5.311504754656141 4.213153037260099 0 0 0 1
106.0 2117.9367892743335 -5.176069331649273 -9.000255922436281 0 0 0 1
107.0 2141.640691040843 1.4746568407999234 -16.601282800855756 0 0 0 1
108.0 2154.625467471617 5.585932857331045 -1.3900846345725313 0 0 0 1
109.0 2179.150255808836 4.21564395788721 2.118648254347704 0 0 0 1
110.0 2199.6330166618454 5.753469204644716 -7.2198271175738 0 0 0 1
111.0 2216.679295567721 -5.07104795289473 0.7251954356504484 0 0 0 1
112.0 2240.710175583493 -2.0372856114571505 7.303178408131657 0 0 0 1
113.0 2256.213218306823 -7.844251269952224 -11.15090049180958 0 0 0 1
114.0 2280.464013597357 -8.790996365101819 0.39026757789656585 0 0 0 1
115.0 2291.8535326676606 -10.475366258780241 -9.644004218419013 0 0 0 1
116.0 2321.3900699492933 7.494556369172869 17.547474294988547 0 0 0 1
117.0 2337.6502610799366 -5.944793965112012 -0.6989934037063676 0 0 0 1
118.0 2354.4396244803384 -3.5333007579968125 6.972438551339337 0 0 0 1
119.0 2383.0305721850996 -11.954786953966789 -6.179030520546576 0 0 0 1
120.0 2403.72729003748 1.0233315130475944 6.458991622178473 0 0 0 1
121.0 2413.8727765270437 1.8343189425133346 1.966719199924455 0 0 0 1
122.0 2441.334764425673 4.230412082429837 1.3642018657806148 0 0 0 1
123.0 2469.9904277663354 1.0710834940393283 -6.953839167472552 0 0 0 1
124.0 2474.1523390680914 -6.498051295335529 0.5669493418558886 0 0 0 1
125.0 2499.1970936005573 -2.308375951987614 8.13454360066794 0 0 0 1
126.0 2530.021379871019 -3.4179860120043486 -13.918508399203347 0 0 0 1
127.0 2538.24163777137 1.07385639910774 -0.5133563302081257 0 0 0 1
128.0 2564.9542623145953 -3.245405817172866 -2.6235981451347925 0 0 0 1
129.0 2571.2738035154184 13.486696383442279 -6.069640648223412 0 0 0 1
130.0 2603.797990681888 3.1073564778024547 -2.210375819381852 0 0 0 1
131.0 2621.9025096056794 2.5130644943349125 4.864966985374849 0 0 0 1
132.0 2643.910805597671 -0.3619698777881126 1.6935909164806162 0 0 0 1
133.0 2668.355740875424 -8.784363072669748 13.708121592226234 0 0 0 1
134.0 2674.799494367914 1.256300986043982 -13.391202464258868 0 0 0 1
135.0 2694.817972679575 3.85067279367928 0.7767119217978689 0 0 0 1
136.0 2721.5069832302675 2.82926166114396 3.984023414419653 0 0 0 1
137.0 2747.9634057358635 -5.833016347562079 -1.3653482597362654 0 0 0 1
138.0 2757.3470122104595 7.991846888791315 -4.539362602394249 0 0 0 1
139.0 2784.146711616177 3.5875642605650455 0.5448746236220359 0 0 0 1
140.0 2803.1089705079216 4.17992973485002 -1.2106338200035225 0 0 0 1
141.0 2820.4396176064824 -4.063156682077874 3.7278866961205495 0 0 0 1
142.0 2843.032134723174 -1.1804928828122456 7.98623910712422 0 0 0 1
143.0 2860.439694083624 -4.101422744555634 8.923003701914695 0 0 0 1
144.0 2876.1852053046155 -2.026563995539732 -4.964311019873321 0 0 0 1
145.0 2902.1643683741718 2.766519709815384 7.272928297924409 0 0 0 1
146.0 2922.1074881857585 5.792881428301712 12.994184838840738 0 0 0 1
147.0 2932.9659563007726 -0.11252562650940945 -7.62430418928534 0 0 0 1
148.0 2958.99913153983 -2.7317494632628723 -4.712247810846293 0 0 0 1
149.0 2983.327051196264 -0.11498976130599203 10.468596794285304 0 0 0 1
150.0 3000.080852277491 9.447048710084914 -1.3451015582402306 0 0 0 1
151.0 3014.3671499964066 -0.22858144638701106 -4.216347404566704 0 0 0 1
152.0 3041.2461226700043 -0.1872947150465052 -8.837120854969271 0 0 0 1
153.0 3065.031246951451 0.8794621367902664 0.14258107725186164 0 0 0 1
154.0 3082.1318760052814 5.237711186012348 -5.767757280856131 0 0 0 1
155.0 3107.2984815747454 5.1792430909215454 -6.736510487295618 0 0 0 1
156.0 3116.8737515170114 4.860174986099537 -1.2711362990205544 0 0 0 1
157.0 3138.6056420439327 -2.6550558427289843 0.9987270850306231 0 0 0 1
158.0 3158.4021085360287 8.802119082551144 1.8124754096936613 0 0 0 1
159.0 3179.3388985138613 -2.7374255723038914 0.9085108126457726 0 0 0 1
160.0 3201.828016382573 -3.963142158081837 -12.048531029787227 0 0 0 1
161.0 3215.0088172336505 1.571885637313926 -6.436403965595673 0 0 0 1
162.0 3241.9606232281994 -0.44801392242277416 1.5504480371162117 0 0 0 1
163.0 3256.3450980381936 0.4011379177782146 1.5519767587354636 0 0 0 1
164.0 3282.7053710067203 -4.461920818225963 5.218366263891994 0 0 0 1
165.0 3298.7671489154523 4.622836406102465 2.8397022168778676 0 0 0 1
166.0 3323.184566723642 2.8676622045409204 11.957180410877072 0 0 0 1
167.0 3336.1843718481705 -2.0324667321003744 3.6141659820427776 0 0 0 1
168.0 3351.5993516390267 5.123291585990728 -3.2013570119522683 0 0 0 1
169.0 3381.655676653693 -1.8995027595394731 -5.018601112761871 0 0 0 1
170.0 3394.6432115860152 3.077937495942024 -6.158823749679641 0 0 0 1
171.0 3424.4077211891736 -1.2314814194058954 -3.250288177072889 0 0 0 1
172.0 3437.2182067257 5.015442224794356 0.0035444791874397197 0 0 0 1
173.0 3457.8808901746265 5.155235213247579 -0.4661913789022947 0 0 0 1
174.0 3479.862246562267 -0.6753038461145024 -8.204931908712524 0 0 0 1
175.0 3504.9196118542864 -0.6147615870979735 4.195999067271487 0 0 0 1
176.0 3524.7547924571854 -4.787390209784576 -1.2007450365313161 0 0 0 1
177.0 3533.461031287815 -7.696534613354174 -8.553395189118419 0 0 0 1
178.0 3564.10777601326 -2.9756739254281683 2.4618584844340603 0 0 0 1
179.0 3576.036612070749 -1.7452159058638017 7.13849375226232 0 0 0 1
180.0 3603.4450753228393 -4.238557630031437 -3.7935003880829754 0 0 0 1
181.0 3616.1218107495633 5.065486582627841 7.350295291333168 0 0 0 1
182.0 3638.8058478523676 4.633120226445271 -7.7711587596620575 0 0 0 1
183.0 3659.514305315227 5.667231693619328 2.8622374504507206 0 0 0 1
184.0 3681.900999521746 2.6608151704822376 -3.8691943229855497 0 0 0 1
185.0 3702.4127805293597 -2.5796111086614246 0.8258615272027328 0 0 0 1
186.0 3716.548886151841 4.36068032824835 2.4602864700179907 0 0 0 1
187.0 3745.6965047499584 -4.661468670384011 2.048291650807869 0 0 0 1
188.0 3751.961589285993 1.9489619064681847 -1.3967548670452743 0 0 0 1
189.0 3775.235707769068 -1.5565447279210503 3.775409961780497 0 0 0 1
190.0 3802.4530993737144 -2.469761603885104 10.478846827256348 0 0 0 1
191.0 3815.531396321034 4.180523050028 -2.5233116990320923 0 0 0 1
192.0 3831.359922368851 3.1309011652450636 7.1608037802236595 0 0 0 1
193.0 3862.9143963082265 -15.286180013575063 -4.242937569761125 0 0 0 1
194.0 3873.2341878198513 8.37110987953156 5.809823609463365 0 0 0 1
195.0 3905.3115998011026 -5.473155695667515 5.2262279094379664 0 0 0 1
196.0 3921.6594914690286 -0.7919619669210078 3.2066036672345035 0 0 0 1
197.0 3924.4726637036497 -5.779793904907365 1.23893852432343 0 0 0 1
198.0 3961.794870450028 -7.497976608045178 -0.5399053650173755 0 0 0 1
