0.0 0.0 -0.0 -0.0 0 0 0 1
0.1 2.001361893692262 3.7947522901760067e-10 3.166791520126111e-07 0 0 0 1
0.2 4.008905810554082 -5.394074076292554e-11 1.2651497753868313e-06 0 0 0 1
0.3 6.025118480572315 1.5330847702443862e-11 2.85814094125314e-06 0 0 0 1
0.4 8.050866973242238 -9.902878517209501e-11 5.103670539519101e-06 0 0 0 1
0.5 10.086453617577845 -3.076765509035795e-10 8.009236498907057e-06 0 0 0 1
0.6 12.131983828370728 -1.766222723631472e-10 1.1586617994829851e-05 0 0 0 1
0.7 14.187494362943738 -2.1051604903732368e-11 1.584526026565669e-05 0 0 0 1
0.8 16.252998035507385 2.6310376100013855e-10 2.0795045873711615e-05 0 0 0 1
0.9 18.328499315245978 8.995248990117943e-11 2.6443999828984488e-05 0 0 0 1
1.0 20.413999763880316 1.323292586619118e-10 3.280424202145582e-05 0 0 0 1
1.1 22.509499919867707 -2.914859464908659e-10 3.9884812025547944e-05 0 0 0 1
1.2 24.614999974971447 -5.427480687103525e-11 4.7695825035276584e-05 0 0 0 1
1.3 26.73049999421911 -2.1675461425729736e-10 5.624590406050345e-05 0 0 0 1
1.4 28.85599999963168 -3.0679458973281726e-10 6.55467802044285e-05 0 0 0 1
1.5 30.9915000032136 -9.64028856742516e-12 7.56078474672961e-05 0 0 0 1
1.6 33.13700000381088 2.248246033786927e-11 8.643725022494664e-05 0 0 0 1
1.7 35.292500004997876 1.0432543717797671e-10 9.804933828760909e-05 0 0 0 1
1.8 37.45800000527102 8.362821546370469e-11 0.0001104498237012308 0 0 0 1
1.9 39.633500005114655 -3.4492408929054363e-11 0.000123651475419706 0 0 0 1
2.0 41.81900000506499 2.5504220957373036e-10 0.0001376643940851352 0 0 0 1
2.1 44.01450000635294 1.85810478114945e-10 0.0001524989431871404 0 0 0 1
2.2 46.220000006149164 -8.481215729716496e-11 0.00016816501151595276 0 0 0 1
2.3 48.43550000619419 -5.1745274731729296e-11 0.00018467199174665438 0 0 0 1
2.4 50.661000006141336 -9.563905223330949e-11 0.00020203215807157449 0 0 0 1
2.5 52.896500007025985 -1.3525003339509567e-10 0.00022025554141791304 0 0 0 1
2.6 55.14200000654617 -5.126743474193063e-11 0.00023935292761478877 0 0 0 1
2.7 57.397500007842204 -1.8627943632054667e-10 0.0002593333339184767 0 0 0 1
2.8 59.66300000783739 -3.5202063486394763e-11 0.00028020898488634316 0 0 0 1
2.9 61.938500007790786 2.1309176645445405e-11 0.0003019912107511402 0 0 0 1
3.0 64.22400000780901 1.0256329119329166e-10 0.0003246893813901863 0 0 0 1
3.1 66.5195000081246 2.8980906563447206e-10 0.00034831399973001 0 0 0 1
3.2 68.82500000879229 2.0239099285390694e-10 0.0003728771039561707 0 0 0 1
3.3 71.14050000911584 -4.037659095956769e-11 0.0003983885359453154 0 0 0 1
3.4 73.46600000852493 -3.5725022939914197e-10 0.0004248592705948795 0 0 0 1
3.5 75.80150000953921 -3.573425999547908e-10 0.00045230186363198754 0 0 0 1
3.6 78.14700000973079 1.1671907884647226e-10 0.0004807259678827336 0 0 0 1
3.7 80.50250000962546 -1.2531842230600887e-10 0.0005101425850853047 0 0 0 1
3.8 82.86800001034308 1.5509549200487527e-10 0.0005405646464069491 0 0 0 1
3.9 85.24350000937129 -4.196820668767032e-11 0.0005719989044195017 0 0 0 1
4.0 87.62900000950972 -1.5987211554602254e-11 0.0006044611476596629 0 0 0 1
4.1 90.0245000101599 -7.148415193114488e-11 0.000637961384278185 0 0 0 1
4.2 92.43000001145657 2.966267231840902e-10 0.0006725099508955168 0 0 0 1
4.3 94.84550001098961 -6.3860028376439e-11 0.0007081183681805214 0 0 0 1
4.4 97.27100001080761 4.7560178018102306e-11 0.0007448002283396704 0 0 0 1
4.5 99.70650001055948 -2.135180920959101e-11 0.0007825632037423702 0 0 0 1
4.6 102.15200001208791 8.22311108095164e-11 0.000821421455164284 0 0 0 1
4.7 104.60750001065416 9.184120131067175e-11 0.0008613862176218845 0 0 0 1
4.8 107.07300001171384 3.60312668590268e-10 0.0009024695279507 0 0 0 1
4.9 109.54850001059785 -1.8842882809622097e-10 0.0009446818207266006 0 0 0 1
5.0 112.03400001166558 6.994227419454546e-11 0.0009880351059123882 0 0 0 1
5.1 114.52950001170409 -1.6758150422901963e-11 0.0010325413761691493 0 0 0 1
5.2 117.03500001177687 1.8474111129762605e-11 0.0010782116291565558 0 0 0 1
5.3 119.55050001113585 -2.050057901215041e-10 0.0011250583750594956 0 0 0 1
5.4 122.0760000113719 -2.582503100256872e-10 0.0011730935085765282 0 0 0 1
5.5 124.61150001096217 -1.361506463126716e-10 0.0012223309786278946 0 0 0 1
5.6 127.15700001131538 -1.432205465334846e-10 0.0012727796134015534 0 0 0 1
5.7 129.71250001148786 1.8755130781755724e-10 0.001324451590527076 0 0 0 1
5.8 132.2780000109552 1.3610446103484719e-11 0.0013773607194949022 0 0 0 1
5.9 134.85350001130826 -2.360920348110085e-10 0.001431518894989381 0 0 0 1
6.0 137.43900001095017 -1.8413714997222996e-11 0.0014869362646052764 0 0 0 1
6.1 140.03450001111628 1.7180212807943462e-10 0.001543627793623159 0 0 0 1
6.2 142.64000001080666 3.0031088726900634e-11 0.0016016037261934457 0 0 0 1
6.3 145.2555000105338 -5.284661597215745e-11 0.0016608777979882916 0 0 0 1
6.4 147.88100001012884 4.423128530106624e-12 0.001721460747916126 0 0 0 1
6.5 150.51650000977236 -2.1688961737709178e-10 0.0017833657472436926 0 0 0 1
6.6 153.1620000094777 9.794121069717221e-11 0.0018466066013331783 0 0 0 1
6.7 155.81750001069943 -2.794067199829442e-10 0.0019111949729762046 0 0 0 1
6.8 158.48300000911064 7.994316320036887e-11 0.0019771409601503365 0 0 0 1
6.9 161.15850000880263 -2.426574496894318e-10 0.002044460710763474 0 0 0 1
7.0 163.84400000851033 1.0554046525612648e-10 0.0021131649368726357 0 0 0 1
7.1 166.5395000082085 -1.4184209362611e-10 0.0021832673782427037 0 0 0 1
7.2 169.24500000765863 -9.396927680427325e-11 0.0022547795742582366 0 0 0 1
7.3 171.96050000704136 -1.695497076070751e-10 0.0023277146961504513 0 0 0 1
7.4 174.68600000646774 2.2289725620794343e-11 0.0024020867155627457 0 0 0 1
7.5 177.4215000066695 1.38975053687318e-10 0.00247790606574938 0 0 0 1
7.599999999999999 180.1670000058483 1.475441990805848e-10 0.002555188064619074 0 0 0 1
7.7 182.92250000569277 5.312017492542509e-11 0.0026339447731373866 0 0 0 1
7.8 185.6880000040268 -6.305356237135129e-11 0.0027141881101755416 0 0 0 1
7.9 188.46350000291682 -3.100595336036349e-10 0.002795933535779227 0 0 0 1
8.0 191.2490000026234 -2.2087220941102714e-10 0.0028791925195861268 0 0 0 1
8.099999999999998 194.0445000019971 -1.7616486047700164e-10 0.002963977807809215 0 0 0 1
8.199999999999998 196.85000000087342 1.7689671949483454e-10 0.003050304741108789 0 0 0 1
8.3 199.66550000088466 7.189271400420694e-11 0.0031381834470209924 0 0 0 1
8.4 202.4910000001629 2.8546764951897785e-10 0.0032276300439235683 0 0 0 1
8.5 205.32649999833325 5.119460411151522e-11 0.0033186558392515053 0 0 0 1
8.599999999999998 208.1719999974903 -3.5423397548584035e-10 0.003411277259800727 0 0 0 1
8.699999999999998 211.02749999714368 3.61808361049043e-11 0.00350550357890711 0 0 0 1
8.8 213.89299999581647 3.037285978280124e-10 0.003601351580073242 0 0 0 1
8.9 216.7684999951691 6.776446070944075e-11 0.0036988323575428694 0 0 0 1
9.0 219.65399999320778 1.4301093642643536e-10 0.0037979608966480782 0 0 0 1
9.1 222.54949999224618 7.268852186825825e-11 0.0038987503217242647 0 0 0 1
9.2 225.4549999914148 -2.142357402590278e-10 0.004001216611712266 0 0 0 1
9.3 228.37049998982178 2.4923707542257034e-10 0.0041053692759476235 0 0 0 1
9.4 231.2959999891499 4.4444448121794267e-11 0.00421122587829359 0 0 0 1
9.5 234.23149998752663 -3.235314238736464e-10 0.0043187979353547234 0 0 0 1
9.6 237.17699998589413 -7.80246978138166e-11 0.004428099913553751 0 0 0 1
9.7 240.1324999842553 -9.967493497242685e-11 0.0045391465194626335 0 0 0 1
9.8 243.0979999825952 4.049383051096811e-11 0.004651950591721743 0 0 0 1
9.9 246.07349998165012 2.714557467697887e-10 0.0047665271653158925 0 0 0 1
10.0 249.05899997851054 -1.3516654462364386e-10 0.004882887830632399 0 0 0 1
10.1 252.0544999780397 2.9271518542373087e-10 0.00500104912977406 0 0 0 1
10.2 255.0599999757684 -9.707434855954489e-11 0.00512102643159551 0 0 0 1
10.3 258.0754999738948 -2.7903013233299134e-11 0.005242830826304612 0 0 0 1
10.4 261.1009999727255 4.3449688291730126e-11 0.005366476618192451 0 0 0 1
10.5 264.13649996991114 7.87281351222191e-12 0.005491981863130491 0 0 0 1
10.6 267.1819999686483 2.943494337159791e-10 0.0056193575119181105 0 0 0 1
10.7 270.2374999665031 -3.6352787446958246e-10 0.005748618720232912 0 0 0 1
10.8 273.30299996422207 -3.4142999538744334e-10 0.005879779621977832 0 0 0 1
10.9 276.3784999622378 -1.3420731193036772e-10 0.006012855654475402 0 0 0 1
11.0 279.4639999595265 -1.6057555285442504e-10 0.006147860696870566 0 0 0 1
11.1 282.5594999575296 -6.772893357265275e-11 0.006284809145910231 0 0 0 1
11.2 285.6649999534917 -2.362980922043789e-10 0.006423714691749183 0 0 0 1
11.3 288.78049995222403 3.057962771890743e-10 0.006564596544777146 0 0 0 1
11.4 291.90599995010774 1.34789956973691e-10 0.006707462331789316 0 0 0 1
11.5 295.0414999465813 -1.2492051837398321e-10 0.006852332231318314 0 0 0 1
11.6 298.1869999442904 -1.205222588396282e-10 0.006999219932112055 0 0 0 1
11.7 301.3424999414084 -2.7071678232459817e-10 0.007148139785385865 0 0 0 1
11.8 304.5079999389752 -2.227125150966458e-10 0.007299106423829471 0 0 0 1
11.9 307.68349993586935 2.8627766823774436e-11 0.007452133560377661 0 0 0 1
12.0 310.8689999323738 -8.768097359279636e-11 0.007607239134358679 0 0 0 1
12.1 314.0644999298038 -1.8075496655001189e-10 0.007764436409445352 0 0 0 1
12.2 317.26999992586184 1.4028245232111658e-10 0.007923740773321697 0 0 0 1
12.3 320.48549992228243 -4.32507363257173e-11 0.008085167121521408 0 0 0 1
12.4 323.71099991933073 7.254641332110623e-12 0.008248731525554831 0 0 0 1
12.5 326.94649991465286 -8.888889624358853e-11 0.008414447439520245 0 0 0 1
12.6 330.1919999117994 -1.3110224017509609e-10 0.008582332848305896 0 0 0 1
12.7 333.44749990899584 -3.813482862824458e-11 0.008752399434797553 0 0 0 1
12.8 336.71299990494725 4.774847184307873e-12 0.008924667048944457 0 0 0 1
12.9 339.9884999008151 4.084199645149056e-11 0.009099146854794071 0 0 0 1
13.0 343.2739998973118 -1.1516476661199704e-10 0.009275857522339948 0 0 0 1
13.1 346.5694998928167 -3.4290792427782435e-11 0.009454812834235327 0 0 0 1
13.2 349.87499988816364 -2.11400674743345e-10 0.009636027991774654 0 0 0 1
13.3 353.1904998837439 5.4072302191343624e-11 0.009819520199386034 0 0 0 1
13.4 356.51599987903273 -8.047607025218895e-11 0.010005303266609644 0 0 0 1
13.5 359.85149987532196 -3.383462399142445e-10 0.010193394092198105 0 0 0 1
13.6 363.196999870468 1.907096702780109e-11 0.01038381016357448 0 0 0 1
13.7 366.55249986472114 -2.3656809844396776e-10 0.010576563851515175 0 0 0 1
13.8 369.917999861838 -5.701394911739044e-11 0.010771672572246871 0 0 0 1
13.9 373.29349985730784 1.0093970104207983e-10 0.010969153462042414 0 0 0 1
14.0 376.67899985068624 2.8045121780451154e-10 0.011169018628692129 0 0 0 1
14.1 380.0744998453461 2.2021140466677025e-10 0.011371287592425006 0 0 0 1
14.2 383.4799998400163 -1.5080559023772366e-10 0.011575976568224178 0 0 0 1
14.3 386.89549983471034 -1.7905676941154525e-11 0.01178309936142341 0 0 0 1
14.4 390.3209998293094 4.7975845518521965e-11 0.011992674147364824 0 0 0 1
14.5 393.7564998241483 -2.4215296434704214e-11 0.012204716197089738 0 0 0 1
14.6 397.2019998174569 1.183622089229175e-10 0.012419241795186053 0 0 0 1
14.7 400.65749981139925 -5.721290108340327e-11 0.01263626656799488 0 0 0 1
14.8 404.12299980543753 1.8762591480481206e-10 0.012855807058969049 0 0 0 1
14.9 407.59849979902367 -1.0383871540398104e-10 0.013077880712728529 0 0 0 1
15.0 411.0839997926983 -1.5495515981456265e-10 0.013302502231596236 0 0 0 1
15.1 414.5794997858717 2.728910430960241e-10 0.013529690827368768 0 0 0 1
15.2 418.0849997796253 3.3712410640873713e-10 0.013759459365644489 0 0 0 1
15.3 421.60049977293977 -1.0935252703347942e-10 0.013991826327327317 0 0 0 1
15.4 425.1259997658329 1.9696244635269977e-11 0.0142268101196521 0 0 0 1
15.5 428.66149975978743 -1.1823431123048067e-10 0.014464423372174906 0 0 0 1
15.6 432.206999750503 1.3928058706369484e-10 0.014704687254294413 0 0 0 1
15.7 435.7624997429256 -1.2643397440115223e-10 0.014947614773632267 0 0 0 1
15.8 439.3279997358407 -2.148397015844239e-10 0.015193224078672074 0 0 0 1
15.9 442.903499728934 1.5074874681886286e-10 0.015441533012108266 0 0 0 1
16.0 446.4889997215315 5.161382432561368e-11 0.015692557885529368 0 0 0 1
16.1 450.08449971216663 2.644497953951941e-10 0.015946314581242405 0 0 0 1
16.2 453.6899997044597 1.801936377887614e-10 0.016202820283751862 0 0 0 1
16.3 457.3054996959635 1.1358736173860962e-10 0.016462092882647994 0 0 0 1
16.4 460.9309996876659 -8.250822247646283e-11 0.016724149679077982 0 0 0 1
16.5 464.566499679804 -5.525180313270539e-11 0.016989005777617194 0 0 0 1
16.6 468.2119996702802 1.0118128557223827e-11 0.01725668150038473 0 0 0 1
16.7 471.8674996606333 4.260414243617561e-11 0.01752719141032344 0 0 0 1
16.8 475.5329996514783 2.80834910881822e-10 0.01780055401124514 0 0 0 1
16.9 479.20849964201494 -1.5585044366162037e-10 0.018076784481650066 0 0 0 1
17.0 482.8939996334699 9.045209026226075e-11 0.018355905122575678 0 0 0 1
17.1 486.58949962222863 -1.3244516594568267e-10 0.018637928162718254 0 0 0 1
17.2 490.2949996125231 -3.1437252800969873e-10 0.018922874583665816 0 0 0 1
17.3 494.0104996028587 -6.443201527872588e-11 0.01921075930107463 0 0 0 1
17.4 497.73599959284127 8.327560863108374e-12 0.01950160185930372 0 0 0 1
17.5 501.4714995820027 -1.6710544059606036e-10 0.01979541800128004 0 0 0 1
17.6 505.21699957071036 -4.405364961712621e-12 0.02009222856662518 0 0 0 1
17.7 508.97249955924246 -3.461337882981752e-10 0.02039204689273788 0 0 0 1
17.8 512.7379995486716 -1.8211210317531368e-10 0.020694893180973395 0 0 0 1
17.9 516.5134995371475 -4.5275783122633584e-11 0.02100078541755579 0 0 0 1
18.0 520.2989995255323 -4.46931380793103e-11 0.021309739770487113 0 0 0 1
18.1 524.0944995129606 2.0193624550302047e-11 0.021621776820580862 0 0 0 1
18.2 527.8999995019004 4.030198397231288e-11 0.02193691179184043 0 0 0 1
18.3 531.7154994901563 2.5426061256439425e-10 0.022255164840004227 0 0 0 1
18.4 535.5409994773297 -2.1857715637452202e-10 0.022576550907615456 0 0 0 1
18.5 539.3764994637183 1.7749357539287303e-11 0.02290109163465104 0 0 0 1
18.6 543.2219994514346 -6.963318810448982e-11 0.02322880531573901 0 0 0 1
18.7 547.0774994371541 3.7202596558927326e-10 0.023559706511264267 0 0 0 1
18.8 550.9429994248469 2.3375434921035776e-10 0.02389381483789066 0 0 0 1
18.9 554.8184994109872 -2.078053285003989e-10 0.02423115002628151 0 0 0 1
19.0 558.7039993980017 1.3368151030590525e-10 0.02457172906775895 0 0 0 1
19.1 562.5994993825036 -8.434142273472389e-11 0.024915570092048256 0 0 0 1
19.2 566.5049993681979 -3.135625092909322e-10 0.025262693183719875 0 0 0 1
19.3 570.4204993541452 1.8455637018632842e-10 0.025613115122354202 0 0 0 1
19.4 574.3459993396198 -8.611777957412414e-12 0.02596685488759931 0 0 0 1
19.5 578.2814993243637 1.5515411178057548e-10 0.026323932255820637 0 0 0 1
19.6 582.2269993085058 -2.4283508537337184e-10 0.02668436306652211 0 0 0 1
19.7 586.1824992917882 -1.5432988220709376e-10 0.027048167095870213 0 0 0 1
19.8 590.1479992768786 -2.645350605234853e-10 0.027415364502417106 0 0 0 1
19.9 594.1234992612324 1.651585535000777e-10 0.0277859730094292 0 0 0 1
20.0 598.1089992438997 1.780051661626203e-10 0.028160010297597182 0 0 0 1
20.1 602.0999967749689 0.0032925740876095233 0.028537070365700856 0 0 0 1
20.2 606.0909197227779 0.026539954751399364 0.02891663166815306 0 0 0 1
20.3 610.0813941975453 0.08969446069190212 0.029298656960691005 0 0 0 1
20.4 614.0704477865734 0.2126959339941834 0.02968305526445647 0 0 0 1
20.5 618.0562108473819 0.41544682318458115 0.03006964370456444 0 0 0 1
20.6 622.0356191456835 0.717764838692986 0.03045812927160796 0 0 0 1
20.7 626.004119569929 1.1393058010991837 0.030848067255590195 0 0 0 1
20.8 629.9553815910956 1.699449480698064 0.031238838127535473 0 0 0 1
20.9 633.8810185203165 2.4171413563920083 0.03162961578351542 0 0 0 1
21.0 637.7703240468935 3.310683850940464 0.03201934161779718 0 0 0 1
21.1 641.6100313472139 4.397471126593359 0.032406694159703875 0 0 0 1
21.2 645.3841359168305 5.693575874092048 0.03279007041612658 0 0 0 1
21.3 649.0757744443508 7.208591736605015 0.03316776687972833 0 0 0 1
21.4 652.6721170460324 8.93774741929829 0.03353847330424742 0 0 0 1
21.5 656.1643670759518 10.868600824227883 0.03390126955230244 0 0 0 1
21.6 659.5465169507416 12.986486746485511 0.034255514446329016 0 0 0 1
21.7 662.8145993253959 15.27654660819833 0.03460076952211466 0 0 0 1
21.8 665.9662217765823 17.724472766031454 0.034936752360522405 0 0 0 1
21.9 669.0002519344406 20.31677429810938 0.03526330831454061 0 0 0 1
22.0 671.9165839012392 23.040860344263834 0.03558038879651804 0 0 0 1
22.1 674.7159523351572 25.885050434806217 0.03588803207304636 0 0 0 1
22.2 677.3997780972913 28.838553419120245 0.03618634638013418 0 0 0 1
22.3 679.9700375067292 31.89143156803425 0.036475496032778665 0 0 0 1
22.4 682.4291506994429 35.03455720638402 0.03675570004298834 0 0 0 1
22.5 684.7798862012363 38.25956563393004 0.037027208535732825 0 0 0 1
22.6 687.0252795755438 41.5588063991964 0.03729030356743124 0 0 0 1
22.7 689.1685642876965 44.92529440751558 0.037545291827029814 0 0 0 1
22.8 691.2131132747988 48.35266179513792 0.03779249378334271 0 0 0 1
22.9 693.1623897921512 51.83511122562264 0.0380322434309619 0 0 0 1
23.0 695.0199063349586 55.36737112020957 0.038264881283225805 0 0 0 1
23.1 696.7891905435536 58.944653093774434 0.03849075239901367 0 0 0 1
23.2 698.4737570938568 62.56261179507155 0.038710204758899636 0 0 0 1
23.3 700.0770847624528 66.21730727990739 0.0389235800013239 0 0 0 1
23.4 701.6025978999619 69.90516987314501 0.03913122163089611 0 0 0 1
23.5 703.0536516741322 73.62296757683681 0.03933346009353045 0 0 0 1
23.6 704.4335204878544 77.36777587665267 0.039530629725334165 0 0 0 1
23.7 705.7453891277097 81.13694994867043 0.039723048941255 0 0 0 1
23.8 706.9923461662692 84.92809904026416 0.0399110310549986 0 0 0 1
23.9 708.1773793010019 88.73906302530682 0.04009488059676869 0 0 0 1
24.0 709.3033722752904 92.56789090007052 0.04027489232123571 0 0 0 1
24.1 710.3731031301901 96.412821165311 0.04045135259457311 0 0 0 1
24.2 711.3892435580078 100.27226390409947 0.04062453139079025 0 0 0 1
24.3 712.354359153122 104.14478448226065 0.04079469914194078 0 0 0 1
24.4 713.2709103898937 108.02908869685247 0.0409621078051714 0 0 0 1
24.5 714.1412541988067 111.9240093141823 0.04112700361707766 0 0 0 1
24.6 714.9676459969633 115.82849380696635 0.04128962160768879 0 0 0 1
24.7 715.7522421004783 119.74159325663379 0.04145018562530822 0 0 0 1
24.8 716.4971024031979 123.66245231330356 0.0416089139162068 0 0 0 1
24.9 717.2041932760599 127.59030006230815 0.041766012271409636 0 0 0 1
25.0 717.8753905973638 131.52444178692338 0.04192167852420425 0 0 0 1
25.1 718.5124829066078 135.4642515249782 0.042076103146882815 0 0 0 1
25.2 719.1171745831327 139.40916529569057 0.04222946702441277 0 0 0 1
25.3 719.6910890753388 143.35867504857143 0.04238194255697181 0 0 0 1
25.4 720.2357721088102 147.31232312002822 0.04253369196209178 0 0 0 1
25.5 720.7526948658317 151.26969729945088 0.04268487755922479 0 0 0 1
25.6 721.2432571240697 155.23042631330412 0.0428356439365416 0 0 0 1
25.7 721.7087903341569 159.1941758017412 0.0429861395313651 0 0 0 1
25.8 722.1505606169973 163.16064465389962 0.04313649813059328 0 0 0 1
25.9 722.5697716881052 167.12956172414326 0.04328684969806318 0 0 0 1
26.0 722.9675676923158 171.1006828484535 0.04343731564932796 0 0 0 1
26.1 723.3450359455275 175.07378818502903 0.043588020564357066 0 0 0 1
26.2 723.7032095769653 179.04867977706158 0.04373906883250811 0 0 0 1
26.3 724.0430700872404 183.02517941013784 0.04389057193873214 0 0 0 1
26.4 724.3655497908131 187.00312661446367 0.04404263164536815 0 0 0 1
26.5 724.6715341809014 190.98237692925446 0.044195341938689126 0 0 0 1
26.6 724.9618641816435 194.96280029400955 0.044348798580756466 0 0 0 1
26.7 725.237338314203 198.94427961341157 0.04450308539850312 0 0 0 1
26.8 725.4987147667923 202.92670948195598 0.0446582873333341 0 0 0 1
26.9 725.7467133708712 206.909995006362 0.044814484475693916 0 0 0 1
27.0 725.9820175005314 210.89405076138766 0.04497175050454416 0 0 0 1
27.1 726.205275864056 214.87879984162143 0.04513015791343378 0 0 0 1
27.2 726.4171042405503 218.86417302829602 0.04528977617064811 0 0 0 1
27.3 726.6180871060986 222.8501080003177 0.0454506675656603 0 0 0 1
27.4 726.8087792145471 226.83654866537563 0.04561289500259136 0 0 0 1
27.5 726.9897070722841 230.8234445209654 0.04577651578375708 0 0 0 1
27.6 727.161370365506 234.8107501193058 0.045941586461481165 0 0 0 1
27.7 727.3242433071232 238.79842454483568 0.04610815962558945 0 0 0 1
27.8 727.4787759242338 242.7864309577151 0.046276284345651675 0 0 0 1
27.9 727.6253952775933 246.77473621265486 0.046446010385523095 0 0 0 1
28.0 727.7645066213549 250.76331046373866 0.04661738269936677 0 0 0 1
28.1 727.8964945144113 254.75212685247982 0.046790441806138006 0 0 0 1
28.2 728.0217238608951 258.7411611936292 0.04696523138613884 0 0 0 1
28.3 728.1405409167868 262.73039172636743 0.047141787726729945 0 0 0 1
28.4 728.2532742322011 266.71979885724454 0.04732015115689592 0 0 0 1
28.5 728.3602355558776 270.7093649516971 0.04750035269358932 0 0 0 1
28.6 728.4617206863866 274.69907413481474 0.04768242950228796 0 0 0 1
28.7 728.5580102893143 278.6889121199489 0.04786641005102865 0 0 0 1
28.8 728.6493706624228 282.67886604707104 0.048052324702609894 0 0 0 1
28.9 728.736054475105 286.668924337421 0.04824020382540084 0 0 0 1
29.0 728.8183014634291 290.6590765694945 0.04843007294499557 0 0 0 1
29.1 728.8963390831223 294.64931336674056 0.04862195812893333 0 0 0 1
29.2 728.9703831448755 298.6396262841729 0.04881588334922071 0 0 0 1
29.3 729.0406384066332 302.6300077222964 0.049011872775906795 0 0 0 1
29.4 729.1072991385026 306.62045084218175 0.049209946008659244 0 0 0 1
29.5 729.1705496542936 310.6109494844676 0.0494101272925036 0 0 0 1
29.6 729.2305648338406 314.60149810504026 0.04961243354262024 0 0 0 1
29.7 729.2875105912352 318.59209171968985 0.04981688705458964 0 0 0 1
29.8 729.3415443375372 322.58272583557374 0.05002350044338755 0 0 0 1
29.9 729.3928154247805 326.57339640989767 0.05023229500426396 0 0 0 1
30.0 729.4414655454892 330.5640998050277 0.050443286579081814 0 0 0 1
30.1 729.4879465778357 334.5548290944446 0.05065652411406063 0 0 0 1
30.2 729.5334793769644 338.5455693354739 0.05087214799311823 0 0 0 1
30.3 729.5786825039297 342.5363133306183 0.05109023060646223 0 0 0 1
30.4 729.6237716332845 346.52705861285955 0.051310793142135935 0 0 0 1
30.5 729.66882197243 350.5178043326456 0.05153384876854261 0 0 0 1
30.6 729.7138597402408 354.5085501955716 0.05175939896327009 0 0 0 1
30.7 729.7588940805826 358.4992961001137 0.05198744179841697 0 0 0 1
30.8 729.8039281801698 362.49004200295735 0.05221797958597563 0 0 0 1
30.9 729.8489631517286 366.4807878959199 0.05245101413913744 0 0 0 1
31.0 729.8939993827853 370.4715337768928 0.052686543088384497 0 0 0 1
31.1 729.9390370088829 374.4622796399731 0.05292456820643565 0 0 0 1
31.2 729.9840760757373 378.45302548732843 0.053165086399928896 0 0 0 1
31.3 730.0291165994506 382.4437713168826 0.053408101168315625 0 0 0 1
31.4 730.0741585891312 386.4345171322218 0.05365361238557398 0 0 0 1
31.5 730.1192020437168 390.42526292845037 0.05390161732583465 0 0 0 1
31.6 730.1642469635644 394.41600871004016 0.054152119353261696 0 0 0 1
31.7 730.2092933507927 398.40675447498614 0.0544051147202822 0 0 0 1
31.8 730.2543412048115 402.3975002211311 0.05466060609904844 0 0 0 1
31.9 730.2993905247309 406.3882459505943 0.054918592894296125 0 0 0 1
32.0 730.3444413144261 410.37899166499477 0.055179074346995094 0 0 0 1
32.1 730.3894935683079 414.36973736144193 0.05544205289504589 0 0 0 1
32.2 730.4345472880029 418.36048304332644 0.05570752579222926 0 0 0 1
32.3 730.4796024749702 422.3512287072957 0.05597549276353675 0 0 0 1
32.4 730.5246591295873 426.34197435323546 0.056245957208432174 0 0 0 1
32.5 730.5697172507923 430.3327199842268 0.05651891456352587 0 0 0 1
32.6 730.6147768397733 434.3234655971506 0.05679437052509684 0 0 0 1
32.7 730.659837892975 438.31421119393053 0.05707231904574428 0 0 0 1
32.8 730.7049004137704 442.3049567719095 0.057352763106280236 0 0 0 1
32.9 730.749964402872 446.29570233648315 0.05763570300018728 0 0 0 1
33.0 730.795029856935 450.28644788271765 0.05792113855068237 0 0 0 1
33.1 730.8400967781696 454.2771934147371 0.05820906984206431 0 0 0 1
33.2 730.8851651672037 458.26793892880335 0.05849949610473004 0 0 0 1
33.3 730.9302350203014 462.2586844216778 0.05879241649682854 0 0 0 1
33.4 730.975306342938 466.2494299015326 0.059087832980992516 0 0 0 1
33.5 731.0203791313386 470.24017536304837 0.05938574464988733 0 0 0 1
33.6 731.0654533866073 474.2309208099253 0.05968615246177933 0 0 0 1
33.7 731.1105291086488 478.22166623931076 0.05998905441771285 0 0 0 1
33.8 731.1556062974221 482.2124116524002 0.06029445228489294 0 0 0 1
33.9 731.2006849514294 486.20315705046505 0.06060234627244654 0 0 0 1
34.0 731.2457650743632 490.1939024264144 0.06091273439216138 0 0 0 1
34.1 731.2908466637431 494.1846477923109 0.061225618855871744 0 0 0 1
34.2 731.3359297194869 498.17539313574423 0.061540996767973866 0 0 0 1
34.3 731.3810142409254 502.16613846164796 0.06185887066504847 0 0 0 1
34.4 731.4261002300036 506.1568837758037 0.06217924109944306 0 0 0 1
34.5 731.4711876858163 510.14762907038687 0.06250210561222502 0 0 0 1
34.6 731.5162766088879 514.1383743486358 0.06282746693318586 0 0 0 1
34.7 731.5613669982333 518.1291196098173 0.06315532246799194 0 0 0 1
34.8 731.6064588530496 522.1198648539311 0.06348567268844363 0 0 0 1
34.9 731.6515521761619 526.1106100829442 0.06381851964340512 0 0 0 1
35.0 731.6966469647452 530.1013552948897 0.06415386128406908 0 0 0 1
35.1 731.7417432214316 534.0921004893057 0.0644916974937928 0 0 0 1
35.2 731.7868409428735 538.082845664535 0.06483202992865245 0 0 0 1
35.3 731.8319401344229 542.073590825511 0.06517485758541852 0 0 0 1
35.4 731.8770407901413 546.0643359698435 0.06552018046960484 0 0 0 1
35.5 731.922142913129 550.0550810995371 0.06586799926105869 0 0 0 1
35.6 731.9672465035459 554.0458262083866 0.06621831239363019 0 0 0 1
35.7 732.0123515596958 558.0365713017878 0.06657112157688516 0 0 0 1
35.8 732.0574580823256 562.027316378969 0.06692642440532381 0 0 0 1
35.9 732.1025660724483 566.0180614410494 0.06728422444024318 0 0 0 1
36.0 732.1476755295012 570.0088064827098 0.06764451888608392 0 0 0 1
36.1 732.19278645309 573.9995515089217 0.06800730891058038 0 0 0 1
36.2 732.2378988423734 577.9902965176041 0.06837259492021985 0 0 0 1
36.3 732.2830126996032 581.9810415116858 0.06874037523192555 0 0 0 1
36.4 732.3281280234282 585.9717864878141 0.06911065122284299 0 0 0 1
36.5 732.3732448144558 589.9625314468367 0.06948342208869462 0 0 0 1
36.6 732.4183630712062 593.9532763887157 0.06985868990631161 0 0 0 1
36.7 732.4634827951414 597.9440213147984 0.07023645073076068 0 0 0 1
36.8 732.5086039852706 601.9347662229279 0.07061670747060589 0 0 0 1
36.9 732.5537266427843 605.9255111146852 0.07099946215168984 0 0 0 1
37.0 732.5988507670255 609.9162559898748 0.07138470814226139 0 0 0 1
37.1 732.643976358044 613.9070008478445 0.07177245287863343 0 0 0 1
37.2 732.6891034147217 617.8977456909039 0.07216268986422847 0 0 0 1
37.3 732.7342319388433 621.8884905150861 0.07255542489178879 0 0 0 1
37.4 732.7793619306773 625.8792353234343 0.07295065382339772 0 0 0 1
37.5 732.8244933889805 629.8699801138671 0.0733483773012722 0 0 0 1
37.6 732.8696263128392 633.8607248883895 0.07374859836500036 0 0 0 1
37.7 732.9147607029154 637.8514696450728 0.07415131170915856 0 0 0 1
37.8 732.9598965620384 641.8422143861555 0.07455652398397206 0 0 0 1
37.9 733.0050338862133 645.8329591114801 0.07496422931274083 0 0 0 1
38.0 733.0501726780514 649.8237038171942 0.07537442938087224 0 0 0 1
38.1 733.0953129358181 653.814448506612 0.07578712583227798 0 0 0 1
38.2 733.1404546610215 657.8051931801579 0.07620231755663553 0 0 0 1
38.3 733.1855978532219 661.7959378357502 0.07662000472436148 0 0 0 1
38.4 733.2307425113921 665.7866824738511 0.07704018650792932 0 0 0 1
38.5 733.2758886360289 669.7774270973133 0.07746286467079244 0 0 0 1
38.6 733.3210362285349 673.7681717020125 0.07788803700447033 0 0 0 1
38.7 733.3661852860794 677.7589162925348 0.07831570512604458 0 0 0 1
38.8 733.4113358111479 681.7496608650656 0.07874586958786267 0 0 0 1
38.9 733.4564878039878 685.7404054192575 0.07917852805439907 0 0 0 1
39.0 733.5016412624631 689.7311499584246 0.07961368240523825 0 0 0 1
39.1 733.546796188532 693.7218944787909 0.08005133229602279 0 0 0 1
39.2 733.5919525808157 697.7126389845944 0.08049147629981235 0 0 0 1
39.3 733.6371104386576 701.703383471211 0.08093411605676692 0 0 0 1
39.4 733.6822697654338 705.6941279406842 0.08137925087760323 0 0 0 1
39.5 733.7274305566692 709.6848723955184 0.08182688325751997 0 0 0 1
39.6 733.7725928165767 713.6756168315897 0.08227700933628057 0 0 0 1
39.7 733.817756541896 717.6663612530982 0.08272963000007394 0 0 0 1
39.8 733.8629217345748 721.6571056545724 0.08318474580568136 0 0 0 1
39.9 733.9080883937484 725.6478500417936 0.08364235895714955 0 0 0 1
40.0 733.9532565201939 729.6385944110993 0.08410246618279871 0 0 0 1
40.1 733.9984261136467 733.6293387641472 0.08456506795079122 0 0 0 1
40.2 734.0435971725881 737.620083098818 0.08503016627247462 0 0 0 1
40.3 734.0887696991026 741.6108274192736 0.08549776009886045 0 0 0 1
40.4 734.133943691842 745.6015717188852 0.08596784897451926 0 0 0 1
40.5 734.1791191515397 749.5923160064392 0.08644043139054247 0 0 0 1
40.6 734.2242960790546 753.5830602747302 0.08691551064589476 0 0 0 1
40.7 734.2694744719605 757.5738045250679 0.08739308628861409 0 0 0 1
40.8 734.3146543311121 761.5645487579523 0.08787315517815841 0 0 0 1
40.9 734.3598356578649 765.5552929770073 0.08835572053936858 0 0 0 1
41.0 734.4050184519772 769.546037176028 0.08884078104233595 0 0 0 1
41.1 734.45020271199 773.5367813583667 0.08932833696172793 0 0 0 1
41.2 734.495388438773 777.5275255264905 0.08981838885796378 0 0 0 1
41.3 734.5405756318994 781.5182696767372 0.09031093416757585 0 0 0 1
41.4 734.5857642931469 785.5090138081448 0.09080597591406558 0 0 0 1
41.5 734.6309544202638 789.4997579257613 0.09130351394304626 0 0 0 1
41.6 734.6761460134901 793.490502024267 0.0918035449871013 0 0 0 1
41.7 734.7213390740035 797.4812461068245 0.09230607380629863 0 0 0 1
41.8 734.7665336022601 801.4719901706569 0.0928110956633077 0 0 0 1
41.9 734.8117295955728 805.4627342190031 0.09331861517597417 0 0 0 1
42.0 734.8569270565313 809.4534782490482 0.09382862756024224 0 0 0 1
42.1 734.9021259838479 813.4442222631828 0.09434113705844993 0 0 0 1
42.2 734.9473263787686 817.4349662602119 0.09485614119535057 0 0 0 1
42.3 734.9925282388951 821.4257102418306 0.09537364048611607 0 0 0 1
42.4 735.0377315663115 825.4164542042245 0.09589363571876675 0 0 0 1
42.5 735.082936361479 829.4071981528652 0.0964161249212907 0 0 0 1
42.6 735.1281426225363 833.397942083129 0.09694111044120746 0 0 0 1
42.7 735.1733503513829 837.3886859937438 0.09746859183354672 0 0 0 1
42.8 735.218559544936 841.3794298893724 0.09799856844927035 0 0 0 1
42.9 735.2637702059956 845.370173768319 0.0985310395376473 0 0 0 1
43.0 735.3089823351969 849.3609176318172 0.09906600526056764 0 0 0 1
43.1 735.3541959300825 853.3516614760905 0.09960346786959917 0 0 0 1
43.2 735.3994109909099 857.3424053024867 0.10014342412807764 0 0 0 1
43.3 735.4446275192972 861.3331491162489 0.10068587862525646 0 0 0 1
43.4 735.489845513619 865.3238929071623 0.10123082583999121 0 0 0 1
43.5 735.5350649780453 869.3146366870991 0.10177827010954843 0 0 0 1
43.6 735.5802859049014 873.3053804454584 0.10232820848568736 0 0 0 1
43.7 735.6255083003289 877.2961241887549 0.10288064222731919 0 0 0 1
43.8 735.6707321619606 881.2868679157936 0.10343557098309475 0 0 0 1
43.9 735.7159574907845 885.2776116240311 0.10399299551488639 0 0 0 1
44.0 735.7611842847061 889.2683553155869 0.10455291593495986 0 0 0 1
44.1 735.8064125474746 893.259098992118 0.10511533035162302 0 0 0 1
44.2 735.8516422773272 897.2498426485768 0.10568024127906028 0 0 0 1
44.3 735.8968734729233 901.2405862912824 0.10624764735592862 0 0 0 1
44.4 735.9421061353902 905.2313299160726 0.10681754774310548 0 0 0 1
44.5 735.9873402646762 909.2220735224477 0.10738994510893463 0 0 0 1
44.6 736.0325758607839 913.2128171151078 0.10796483578320704 0 0 0 1
44.7 736.0778129232425 917.2035606868858 0.10854222263975544 0 0 0 1
44.8 736.123051452335 921.1943042427915 0.10912210524134025 0 0 0 1
44.9 736.1682914490877 925.1850477823632 0.1097044844152606 0 0 0 1
45.0 736.2135329118908 929.1757913053289 0.11028935650341509 0 0 0 1
45.1 736.2587758408179 933.1665348111512 0.11087672530754844 0 0 0 1
45.2 736.3040202366158 937.157278299058 0.11146658842193347 0 0 0 1
45.3 736.3492660997422 941.1480217698211 0.1120589475439715 0 0 0 1
45.4 736.3945134303159 945.1387652264074 0.11265380103799316 0 0 0 1
45.5 736.4397622266819 949.1295086650402 0.11325115068331115 0 0 0 1
45.6 736.4850124898978 953.1202520823672 0.1138509964412151 0 0 0 1
45.7 736.5302642192305 957.1109954855553 0.11445333614585707 0 0 0 1
45.8 736.5755174166251 961.1017388724093 0.11505817218676384 0 0 0 1
45.9 736.620772079061 965.0924822418099 0.11566550218265093 0 0 0 1
46.0 736.6660282090492 969.0832255936048 0.11627532948563157 0 0 0 1
46.1 736.7112858063199 973.0739689291798 0.11688764996188183 0 0 0 1
46.2 736.7565448700186 977.064712248035 0.1175024667516027 0 0 0 1
46.3 736.8018053992756 981.0554555477033 0.11811977929448858 0 0 0 1
46.4 736.8470673977008 985.0461988314613 0.11873958729927381 0 0 0 1
46.5 736.8923308607942 989.0369420981517 0.11936189046184609 0 0 0 1
46.6 736.9375957913658 993.0276853477745 0.11998668713016514 0 0 0 1
46.7 736.9828621883061 997.0184285831824 0.12061398001134194 0 0 0 1
46.8 737.0281300529658 1001.0091717997511 0.12124376956535343 0 0 0 1
46.9 737.0733993842905 1004.999914997557 0.12187605399839185 0 0 0 1
47.0 737.1186701810966 1008.9906581799905 0.12251083221593717 0 0 0 1
47.1 737.163942446062 1012.9814013456662 0.1231481069360143 0 0 0 1
47.2 737.2092161773888 1016.9721444921549 0.12378787693739923 0 0 0 1
47.3 737.2544913743229 1020.9628876232334 0.12443014185629409 0 0 0 1
47.4 737.299768039015 1024.953630737554 0.12507490351367778 0 0 0 1
47.5 737.3450461685248 1028.944373834883 0.12572215782677176 0 0 0 1
47.6 737.3903257678458 1032.9351169145302 0.12637191053312335 0 0 0 1
47.7 737.4356068309862 1036.9258599780337 0.12702415603450845 0 0 0 1
47.8 737.4808893638815 1040.916603023084 0.1276788979956791 0 0 0 1
47.9 737.5261733611796 1044.9073460527236 0.12833613558228762 0 0 0 1
48.0 737.5714588264551 1048.898089064872 0.12899586660506657 0 0 0 1
48.1 737.6167457581763 1052.8888320589908 0.129658095809134 0 0 0 1
48.2 737.6620341563491 1056.879575036504 0.1303228176917628 0 0 0 1
48.3 737.7073240218785 1060.8703179972592 0.1309900365488943 0 0 0 1
48.4 737.7526153532108 1064.8610609417565 0.1316597506561834 0 0 0 1
48.5 737.7979081515707 1068.8518038654097 0.13233195934077457 0 0 0 1
48.6 737.8432024177378 1072.8425467760812 0.13300666392837002 0 0 0 1
48.7 737.8884981489639 1076.83328966799 0.13368386433876367 0 0 0 1
48.8 737.9337953465335 1080.8240325420215 0.134363558162363 0 0 0 1
48.9 737.9790940129959 1084.8147754001045 0.1350457488171628 0 0 0 1
49.0 738.0243941451633 1088.8055182423534 0.13573043455579636 0 0 0 1
49.1 738.0696957425291 1092.7962610642203 0.13641761451646062 0 0 0 1
49.2 738.1149988095314 1096.7870038726437 0.13710729073545735 0 0 0 1
49.3 738.1603033419839 1100.7777466606087 0.13779946344226346 0 0 0 1
49.4 738.205609341199 1104.7684894373638 0.13849412935712735 0 0 0 1
49.5 738.2509168067264 1108.7592321911554 0.13919129138861308 0 0 0 1
49.6 738.2962257396518 1112.7499749269941 0.13989094862733964 0 0 0 1
49.7 738.3415361396899 1116.7407176511224 0.14059310150628335 0 0 0 1
49.8 738.3868480047869 1120.731460356488 0.14129775020813895 0 0 0 1
49.9 738.4321613363427 1124.7222030422427 0.14200489435745567 0 0 0 1
50.0 738.4774761369413 1128.7129457121255 0.14271453283561186 0 0 0 1
50.1 738.5195000133316 1132.7037232992025 0.14342629061781054 0 0 0 1
50.2 738.5415709837031 1136.6946528784747 0.1441382495793846 0 0 0 1
50.3 738.5237337617447 1140.6855871689784 0.14484806513002013 0 0 0 1
50.4 738.4460387269517 1144.6757802793418 0.1455532833573443 0 0 0 1
50.5 738.2885634586644 1148.6635887418688 0.1462512938344389 0 0 0 1
50.6 738.0314566903995 1152.6461736364495 0.14693927999871903 0 0 0 1
50.7 737.6550121059194 1156.6192054329836 0.14761416820164186 0 0 0 1
50.8 737.1397792405025 1160.576574181049 0.14827259725689146 0 0 0 1
50.9 736.4667185081969 1164.5101089868067 0.1489108721503385 0 0 0 1
51.0 735.617406988403 1168.4093121814324 0.14952494346727008 0 0 0 1
51.1 734.574300851876 1172.261115440543 0.15011039114006053 0 0 0 1
51.2 733.3211465531243 1176.0496979206132 0.1506624320835499 0 0 0 1
51.3 731.8481593968444 1179.758306434057 0.15117685670088576 0 0 0 1
51.4 730.1599645043044 1183.3740577710344 0.151651820394477 0 0 0 1
51.5 728.2689031211552 1186.8880145520234 0.15208709033157675 0 0 0 1
51.6 726.1895711441265 1190.2940030173913 0.152483197850529 0 0 0 1
51.7 723.936781000768 1193.5878872767491 0.15284106962855049 0 0 0 1
51.8 721.5248121382245 1196.767112524701 0.15316185965360773 0 0 0 1
51.9 718.967141649804 1199.8303931748756 0.15344686194652013 0 0 0 1
52.0 716.276358303319 1202.7774802708002 0.15369745815047509 0 0 0 1
52.1 713.4641500823755 1205.6089756846184 0.1539150829592586 0 0 0 1
52.2 710.5413235243312 1208.326177548767 0.1541011984543843 0 0 0 1
52.3 707.5178381215725 1210.9309491145746 0.15425727441248682 0 0 0 1
52.4 704.4028484039129 1213.4256066022385 0.15438477223619884 0 0 0 1
52.5 701.2047499526717 1215.8128232884415 0.15448513224777116 0 0 0 1
52.6 697.9312271835099 1218.095547564664 0.15455976968917184 0 0 0 1
52.7 694.589301443199 1220.2769332846947 0.15461005618408308 0 0 0 1
52.8 691.1853784959061 1222.3602807663724 0.15463732584458967 0 0 0 1
52.9 687.7252946310771 1224.3489871317881 0.15464286868427735 0 0 0 1
53.0 684.2143609855941 1226.2465047142023 0.15462791770283957 0 0 0 1
53.1 680.657405708589 1228.05630647334 0.1545936673416577 0 0 0 1
53.2 677.0588137893731 1229.7818574486025 0.15454125037291533 0 0 0 1
53.3 673.4225644478165 1231.4265913883612 0.15447175650342615 0 0 0 1
53.4 669.75226602876 1232.9938918255777 0.15438622088896636 0 0 0 1
53.5 666.0511884501484 1234.487076957531 0.15428563124947914 0 0 0 1
53.6 662.3222932316619 1235.909387709988 0.15417092194326187 0 0 0 1
53.7 658.5682612263962 1237.26397858279 0.15404298889461643 0 0 0 1
53.8 654.7915181192546 1238.5539107583454 0.1539026756157682 0 0 0 1
53.9 650.9942578509965 1239.7821471733841 0.15375078201873293 0 0 0 1
54.0 647.1784640655319 1240.951549180345 0.1535880708971149 0 0 0 1
54.1 643.3459297215843 1242.0648746124464 0.15341525761311914 0 0 0 1
54.2 639.4982749904432 1243.1247768945714 0.15323302557180796 0 0 0 1
54.3 635.6369635711652 1244.1338051411335 0.15304201894883818 0 0 0 1
54.4 631.7633175372245 1245.0944049360485 0.15284284487904642 0 0 0 1
54.5 627.8785308413189 1246.0089197771067 0.15263608286994668 0 0 0 1
54.6 623.9836815680808 1246.8795929613937 0.15242227401262198 0 0 0 1
54.7 620.0797430766866 1247.708569863441 0.15220193765611612 0 0 0 1
54.8 616.1675940728309 1248.497900515566 0.15197555587309353 0 0 0 1
54.9 612.2480277690491 1249.2495423820585 0.1517435903372757 0 0 0 1
55.0 608.3217601502173 1249.9653633182093 0.15150647662125039 0 0 0 1
55.1 604.3894374678839 1250.6471446143362 0.15126462341129354 0 0 0 1
55.2 600.4516430253517 1251.2965841280195 0.15101842364413187 0 0 0 1
55.3 596.5089032976033 1251.9152994177919 0.15076824047099535 0 0 0 1
55.4 592.5616934771185 1252.5048308920445 0.15051442001998794 0 0 0 1
55.5 588.6104424715033 1253.066644952217 0.15025729234696428 0 0 0 1
55.6 584.6555374306315 1253.6021370515505 0.1499971659506798 0 0 0 1
55.7 580.6973278230414 1254.1126347475788 0.14973433656584234 0 0 0 1
55.8 576.7361291266645 1254.5994006540154 0.14946907668110043 0 0 0 1
55.9 572.7722261497095 1255.0636353127893 0.14920165198833502 0 0 0 1
56.0 568.805876035679 1255.5064800211776 0.14893230864993257 0 0 0 1
56.1 564.8373109729879 1255.929019510429 0.14866127998300271 0 0 0 1
56.2 560.8667406348127 1256.3322845957248 0.14838879000456018 0 0 0 1
56.3 556.8943543866676 1256.7172546807578 0.14811504594331382 0 0 0 1
56.4 552.920323270923 1257.0848601859575 0.14784024550857566 0 0 0 1
56.5 548.9448018048083 1257.435984905335 0.14756457837424364 0 0 0 1
56.6 544.9679295942542 1257.7714682219641 0.14728821945365667 0 0 0 1
56.7 540.9898327938449 1258.0921072732149 0.14701134065097676 0 0 0 1
56.8 537.0106254185533 1258.3986589919703 0.14673409836072437 0 0 0 1
56.9 533.0304105337303 1258.6918420844238 0.14645664174426543 0 0 0 1
57.0 529.0492813237863 1258.9723389065675 0.1461791140494313 0 0 0 1
57.1 525.067322051695 1259.240797239379 0.14590165289860124 0 0 0 1
57.2 521.0846089338946 1259.4978320383136 0.14562438265585342 0 0 0 1
57.3 517.1012109226458 1259.7440270285194 0.14534742395127864 0 0 0 1
57.4 513.1171904122716 1259.9799362863814 0.1450708922592412 0 0 0 1
57.5 509.1326038748642 1260.206085711027 0.1447948987014911 0 0 0 1
57.6 505.14750243678566 1260.4229744268305 0.14451954018565516 0 0 0 1
57.7 501.1619323996141 1260.631076158088 0.14424491908602022 0 0 0 1
57.8 497.17593569991084 1260.8308404805748 0.14397112501447396 0 0 0 1
57.9 493.18955034209273 1261.0226940447435 0.14369824618589178 0 0 0 1
58.0 489.2028107693136 1261.207041734733 0.14342636446346546 0 0 0 1
58.1 485.2157482064148 1261.3842677805912 0.14315555710396666 0 0 0 1
58.2 481.2283909802992 1261.5547367866316 0.14288590144684576 0 0 0 1
58.3 477.2407647837439 1261.7187947354537 0.14261746516737617 0 0 0 1
58.4 473.2528929368665 1261.8767699338946 0.14235031550967392 0 0 0 1
58.5 469.264796617453 1262.0289739032405 0.14208451690146262 0 0 0 1
58.6 465.27649505216664 1262.175702243532 0.1418201272601607 0 0 0 1
58.7 461.2880057191271 1262.3172354389885 0.14155720445506859 0 0 0 1
58.8 457.29934450008307 1262.4538396201012 0.1412958023703368 0 0 0 1
58.9 453.3105258410362 1262.5857673087314 0.14103597215466834 0 0 0 1
59.0 449.3215628830988 1262.7132581050898 0.14077776061748182 0 0 0 1
59.1 445.33246758748 1262.8365393396039 0.14052121517775618 0 0 0 1
59.2 441.34325084824457 1262.9558267169587 0.14026637995738156 0 0 0 1
59.3 437.35392258601564 1263.071324892921 0.1400132934565761 0 0 0 1
59.4 433.36449184990636 1263.1832280381839 0.13976199655257915 0 0 0 1
59.5 429.37496688655506 1263.2917203928316 0.13951252680584503 0 0 0 1
59.6 425.3853552261652 1263.3969767603444 0.13926491688351916 0 0 0 1
59.7 421.395663736591 1263.4991629805963 0.1390192038664395 0 0 0 1
59.8 417.4058987004332 1263.5984364119445 0.13877541429508256 0 0 0 1
59.9 413.4160658510865 1263.6949463384021 0.13853358322106146 0 0 0 1
60.0 409.42617043570914 1263.788834409987 0.13829373635866204 0 0 0 1
60.1 405.43622450044467 1263.8805523916612 0.1380559626936133 0 0 0 1
60.2 401.44625683208915 1263.9713208902735 0.13782050807657242 0 0 0 1
60.3 397.4562816462924 1264.0617583472467 0.13758749491583444 0 0 0 1
60.4 393.4663038423807 1264.152080395437 0.1373569673615691 0 0 0 1
60.5 389.47632513072006 1264.2423622296087 0.13712893862191322 0 0 0 1
60.6 385.48634609880776 1264.3326300590606 0.13690341478425694 0 0 0 1
60.7 381.4963669592031 1264.422893024767 0.13668039723398806 0 0 0 1
60.8 377.50638778172254 1264.5131543187267 0.13645988803878595 0 0 0 1
60.9 373.5164085895657 1264.6034150496168 0.13624188531417758 0 0 0 1
61.0 369.52642939590805 1264.6936756055622 0.13602639125767269 0 0 0 1
61.1 365.536450199507 1264.7839361246056 0.1358134037555203 0 0 0 1
61.2 361.54647100325684 1264.8741966466364 0.13560292497442106 0 0 0 1
61.3 357.55649180803516 1264.9644571950466 0.1353949527320708 0 0 0 1
61.4 353.56651261190166 1265.0547177723026 0.1351894892406449 0 0 0 1
61.5 349.57653341777456 1265.1449783796766 0.13498653211354394 0 0 0 1
61.6 345.58655422515176 1265.2352390208684 0.13478608325328878 0 0 0 1
61.7 341.59657503033577 1265.3254996947212 0.13458814188356882 0 0 0 1
61.8 337.6065958373871 1265.4157604003105 0.13439270847891294 0 0 0 1
61.9 333.61661664590406 1265.506021137637 0.13419978327542026 0 0 0 1
62.0 329.6266374548988 1265.596281909243 0.1340093655115595 0 0 0 1
62.1 325.6366582635609 1265.6865427101575 0.1338214547272969 0 0 0 1
62.2 321.6466790730459 1265.7768035445802 0.13363604921309502 0 0 0 1
62.3 317.6566998832472 1265.8670644147878 0.13345315613844377 0 0 0 1
62.4 313.66672069500754 1265.957325316037 0.13327276682943534 0 0 0 1
62.5 309.67674150509174 1266.0475862482133 0.13309488680891945 0 0 0 1
62.6 305.6867623191347 1266.1378472132837 0.13291951647397582 0 0 0 1
62.7 301.696783130429 1266.2281082106674 0.13274665176572853 0 0 0 1
62.8 297.70680394563635 1266.3183692418688 0.13257629390835746 0 0 0 1
62.9 293.71682475905203 1266.408630305731 0.1324084433054793 0 0 0 1
63.0 289.72684557298385 1266.4988913979778 0.13224310204495282 0 0 0 1
63.1 285.7368663897991 1266.5891525277807 0.13208026864086264 0 0 0 1
63.2 281.74688720425684 1266.679413688201 0.13191994152855102 0 0 0 1
63.3 277.7569080211787 1266.7696748795108 0.13176212247799413 0 0 0 1
63.4 273.76692883976926 1266.8599361066817 0.13160681289298282 0 0 0 1
63.5 269.7769496571784 1266.9501973640845 0.13145400792500084 0 0 0 1
63.6 265.7869704762179 1267.040458655267 0.1313037123569103 0 0 0 1
63.7 261.79699129473954 1267.1307199783007 0.13115592253485886 0 0 0 1
63.8 257.8070121139418 1267.2209813317618 0.1310106432538305 0 0 0 1
63.9 253.81703293519945 1267.311242719117 0.1308678695015999 0 0 0 1
64.0 249.82705375576913 1267.4015041428331 0.13072760396246963 0 0 0 1
64.1 245.83707457842203 1267.4917655928525 0.13058984675603824 0 0 0 1
64.2 241.84709540042846 1267.5820270780373 0.13045459599550213 0 0 0 1
64.3 237.85711622313633 1267.6722885970403 0.13032185397379692 0 0 0 1
64.4 233.86713704685215 1267.7625501470088 0.13019161845579674 0 0 0 1
64.5 229.8771578713671 1267.8528117303713 0.13006389184278078 0 0 0 1
64.6 225.88717869676134 1267.9430733480135 0.1299386724333118 0 0 0 1
64.7 221.8971995219207 1268.0333349945402 0.1298159601698643 0 0 0 1
64.8 217.90722034775328 1268.1235966744991 0.1296957556784406 0 0 0 1
64.9 213.91724117589308 1268.2138583882759 0.12957805898187758 0 0 0 1
65.0 209.92726200346323 1268.304120133404 0.12946287069969742 0 0 0 1
65.1 205.9372828323837 1268.3943819120022 0.1293501885845103 0 0 0 1
65.2 201.94730366082177 1268.4846437198325 0.12924001595115442 0 0 0 1
65.3 197.95732449064874 1268.574905563214 0.1291323495504315 0 0 0 1
65.4 193.96734531980832 1268.6651674383706 0.12902719139782448 0 0 0 1
65.5 189.97736615155063 1268.7554293473831 0.12892453967107542 0 0 0 1
65.6 185.987386982556 1268.8456912889803 0.12882439699288284 0 0 0 1
65.7 181.99740781606687 1268.9359532602716 0.12872676060916888 0 0 0 1
65.8 178.00742864797877 1269.026215266652 0.12863163364549735 0 0 0 1
65.9 174.01744948303173 1269.11647730396 0.1285390131384503 0 0 0 1
66.0 170.0274703172218 1269.2067393738903 0.1284489005469851 0 0 0 1
66.1 166.03749115241698 1269.2970014780626 0.12836129629204152 0 0 0 1
66.2 162.04751198821873 1269.3872636132003 0.12827619877680263 0 0 0 1
66.3 158.0575328240301 1269.477525780151 0.1281936079046062 0 0 0 1
66.4 154.0675536606406 1269.5677879804957 0.12811352593749348 0 0 0 1
66.5 150.07757449928278 1269.6580502146205 0.1280359531342441 0 0 0 1
66.6 146.0875953370754 1269.7483124797868 0.12796088551258578 0 0 0 1
66.7 142.09761617626413 1269.8385747774996 0.1278883268925739 0 0 0 1
66.8 138.10763701705488 1269.9288371086063 0.1278182767056819 0 0 0 1
66.9 134.11765785717392 1270.0190994712168 0.12775073016503313 0 0 0 1
67.0 130.12767869896894 1270.1093618666832 0.1276856958588226 0 0 0 1
67.1 126.13769953981674 1270.199624293615 0.12762316656794326 0 0 0 1
67.2 122.14772038319533 1270.2898867539027 0.12756314637123722 0 0 0 1
67.3 118.15774122598661 1270.3801492468513 0.1275056327210251 0 0 0 1
67.4 114.16776206982438 1270.470411772846 0.12745062564012244 0 0 0 1
67.5 110.1777829143814 1270.5606743313497 0.12739812916583304 0 0 0 1
67.6 106.18780375991814 1270.6509369204327 0.12734813822847713 0 0 0 1
67.7 102.19782460655786 1270.7411995433336 0.12730065579395955 0 0 0 1
67.8 98.20784545243238 1270.8314621984334 0.12725568144129795 0 0 0 1
67.9 94.21786630008683 1270.9217248873892 0.1272132139864084 0 0 0 1
68.0 90.22788714887507 1271.0119876072724 0.12717325416820557 0 0 0 1
68.1 86.23790799893354 1271.10225035974 0.12713580221861065 0 0 0 1
68.2 82.24792884789508 1271.1925131435971 0.1271008577863526 0 0 0 1
68.3 78.2579496985283 1271.2827759600384 0.1270684209868307 0 0 0 1
68.4 74.26797054994296 1271.3730388111835 0.12703849122441113 0 0 0 1
68.5 70.27799140155986 1271.4633016965704 0.12701107027054803 0 0 0 1
68.6 66.2880122539788 1271.5535646120754 0.12698615638886324 0 0 0 1
68.7 62.298033106505116 1271.6438275589692 0.1269637493166016 0 0 0 1
68.8 58.30805396035798 1271.734090539219 0.12694385204643055 0 0 0 1
68.9 54.318074815728394 1271.8243535517058 0.12692646030912869 0 0 0 1
69.0 50.32809567173066 1271.9146165988204 0.12691157811110898 0 0 0 1
69.1 46.33811652800763 1272.0048796760905 0.12689920208821803 0 0 0 1
69.2 42.34813738476238 1272.0951427876407 0.12688933350485954 0 0 0 1
69.3 38.358158242141364 1272.1854059288466 0.1268819735290272 0 0 0 1
69.4 34.3681791002633 1272.275669102675 0.1268771205247603 0 0 0 1
69.5 30.378199959889475 1272.3659323103216 0.1268747757873463 0 0 0 1
69.6 26.38822081938608 1272.4561955514002 0.12687493929392168 0 0 0 1
69.7 22.398241679970724 1272.54645882433 0.12687760760258904 0 0 0 1
69.8 18.408262541871412 1272.6367221289206 0.12688278661446262 0 0 0 1
69.9 14.418283404260333 1272.7269854694864 0.12689047216475302 0 0 0 1
70.0 10.428304265915154 1272.8172488393602 0.12690066493073626 0 0 0 1
70.1 6.438325130229576 1272.9075122392758 0.1269133660911197 0 0 0 1
70.2 2.4483459938974756 1272.997775674357 0.12692857369727517 0 0 0 1
70.3 -1.5416331413421847 1273.0880391415603 0.12694629070739116 0 0 0 1
70.4 -5.5316122760625825 1273.1783026418486 0.12696651338982345 0 0 0 1
70.5 -9.521591408985447 1273.2685661746834 0.126989244837854 0 0 0 1
70.6 -13.511570541803824 1273.3588297421838 0.12701448492812073 0 0 0 1
70.7 -17.501549673446878 1273.449093339416 0.12704223088791622 0 0 0 1
70.8 -21.49152880442704 1273.5393569683854 0.12707248552083605 0 0 0 1
70.9 -25.48150793552643 1273.6296206324823 0.12710524749668828 0 0 0 1
71.0 -29.471487065020835 1273.7198843266967 0.12714051607279053 0 0 0 1
71.1 -33.4614661928569 1273.8101480550768 0.1271782950154403 0 0 0 1
71.2 -37.451445322041735 1273.9004118149223 0.1272185792093552 0 0 0 1
71.3 -41.44142444935944 1273.9906756065045 0.12726137136853666 0 0 0 1
71.4 -45.43140357647484 1274.0809394323287 0.12730667233622128 0 0 0 1
71.5 -49.42138270214227 1274.1712032911994 0.12735447963721924 0 0 0 1
71.6 -53.411361827203166 1274.2614671810354 0.1274047936778011 0 0 0 1
71.7 -57.401340952072246 1274.351731103418 0.12745761742811723 0 0 0 1
71.8 -61.39132007496599 1274.441995058809 0.12751294840873584 0 0 0 1
71.9 -65.38129919835973 1274.5322590447413 0.12757078700329316 0 0 0 1
72.0 -69.37127832023876 1274.6225230661871 0.12763113296352913 0 0 0 1
72.09999999999998 -73.36125744069064 1274.7127871172886 0.12769398705931678 0 0 0 1
72.2 -77.3512365627488 1274.8030512064845 0.12775934780603393 0 0 0 1
72.29999999999998 -81.34121568261551 1274.8933153232554 0.12782721615071324 0 0 0 1
72.4 -85.33119480088021 1274.98357947342 0.1278975929284627 0 0 0 1
72.5 -89.32117391934122 1275.0738436545503 0.12797047691788777 0 0 0 1
72.59999999999998 -93.311153036532 1275.1641078682649 0.12804586877586388 0 0 0 1
72.7 -97.30113215351014 1275.2543721179168 0.12812376854128615 0 0 0 1
72.79999999999998 -101.29111126932338 1275.3446363956052 0.12820417507730042 0 0 0 1
72.9 -105.28109038330047 1275.4349007079213 0.12828709044456588 0 0 0 1
73.0 -109.27106949783672 1275.5251650532837 0.12837251332515365 0 0 0 1
73.09999999999998 -113.26104861121821 1275.6154294329642 0.12846044204020046 0 0 0 1
73.2 -117.25102772402735 1275.7056938418004 0.12855088203109943 0 0 0 1
73.29999999999998 -121.24100683514396 1275.795958286612 0.12864382785239314 0 0 0 1
73.4 -125.23098594721831 1275.8862227611935 0.12873927959012832 0 0 0 1
73.5 -129.2209650574078 1275.9764872662024 0.12883724116084494 0 0 0 1
73.59999999999998 -133.21094416670766 1276.0667518071864 0.12893770903399115 0 0 0 1
73.7 -137.2009232769681 1276.1570163812169 0.12904068465645224 0 0 0 1
73.79999999999998 -141.1909023826418 1276.2472809844032 0.12914616919480437 0 0 0 1
73.9 -145.18088149132922 1276.33754562156 0.12925415982777366 0 0 0 1
74.0 -149.170860596711 1276.4278102916867 0.12936465811617381 0 0 0 1
74.09999999999998 -153.16083970289944 1276.5180749952078 0.12947766625357815 0 0 0 1
74.2 -157.15081880646366 1276.6083397313896 0.12959317904966383 0 0 0 1
74.29999999999998 -161.1407979123396 1276.6986044972655 0.12971120097206779 0 0 0 1
74.4 -165.13077701410708 1276.7888692961112 0.12983173007796722 0 0 0 1
74.5 -169.12075611589597 1276.879134129661 0.12995476669300388 0 0 0 1
74.59999999999998 -173.1107352179227 1276.9693989953714 0.13008031228700645 0 0 0 1
74.7 -177.10071431814896 1277.0596638903517 0.13020836481372555 0 0 0 1
74.79999999999998 -181.0906934186899 1277.1499288213076 0.13033892435085193 0 0 0 1
74.9 -185.0806725160439 1277.2401937822665 0.13047199317931302 0 0 0 1
75.0 -189.07065161497314 1277.3304587784296 0.13060756779265148 0 0 0 1
75.09999999999998 -193.06063071287673 1277.4207238042482 0.13074565077747025 0 0 0 1
75.2 -197.05060981026395 1277.5109888664276 0.13088624126737614 0 0 0 1
75.29999999999998 -201.04058890501972 1277.6012539582632 0.1310293391849484 0 0 0 1
75.4 -205.03056800056873 1277.6915190819116 0.13117494421756248 0 0 0 1
75.5 -209.02054709361795 1277.781784241807 0.13132305921038778 0 0 0 1
75.59999999999998 -213.01052618569778 1277.8720494305865 0.13147368064126397 0 0 0 1
75.7 -217.00050527966698 1277.9623146524505 0.13162680916035185 0 0 0 1
75.79999999999998 -220.99048437046702 1278.0525799056275 0.13178244510298498 0 0 0 1
75.9 -224.98046346095657 1278.1428451943177 0.13194058911929574 0 0 0 1
76.0 -228.97044255175064 1278.233110512702 0.1321012410819975 0 0 0 1
76.09999999999998 -232.96042164093225 1278.3233758661759 0.1322644005767728 0 0 0 1
76.2 -236.9504007295769 1278.4136412514247 0.13243006761163656 0 0 0 1
76.29999999999998 -240.9403798158166 1278.5039066700676 0.13259824260758535 0 0 0 1
76.4 -244.93035890328963 1278.5941721184422 0.13276892488906356 0 0 0 1
76.5 -248.9203379889828 1278.6844376006734 0.13294211406825696 0 0 0 1
76.59999999999998 -252.91031707381762 1278.7747031137933 0.13311781225321795 0 0 0 1
76.7 -256.90029615777325 1278.8649686611932 0.13329601764161225 0 0 0 1
76.79999999999998 -260.89027524015495 1278.9552342416016 0.1334767304963549 0 0 0 1
76.9 -264.8802543229981 1279.0454998546327 0.13365995103067974 0 0 0 1
77.0 -268.8702334041696 1279.1357655002482 0.13384567919763413 0 0 0 1
77.09999999999998 -272.86021248463675 1279.2260311764053 0.13403391427060285 0 0 0 1
77.2 -276.850191564207 1279.3162968855327 0.134224658414837 0 0 0 1
77.29999999999998 -280.84017064271296 1279.4065626263969 0.13441791099631928 0 0 0 1
77.4 -284.83014972149215 1279.496828402041 0.13461366882086168 0 0 0 1
77.5 -288.82012879893153 1279.5870942094602 0.13481193371357847 0 0 0 1
77.59999999999998 -292.8101078750548 1279.67736004854 0.1350127093094926 0 0 0 1
77.7 -296.8000869508544 1279.7676259215523 0.13521599024520015 0 0 0 1
77.79999999999998 -300.79006602519866 1279.8578918246058 0.13542178028313856 0 0 0 1
77.9 -304.7800450984578 1279.9481577627869 0.13563007695600504 0 0 0 1
78.0 -308.7700241725798 1280.0384237335907 0.1358408815444534 0 0 0 1
78.09999999999998 -312.76000324354294 1280.1286897340124 0.13605419445752887 0 0 0 1
78.2 -316.74998231469203 1280.2189557670945 0.1362700136810986 0 0 0 1
78.29999999999998 -320.73996138456334 1280.3092218377333 0.136488341705018 0 0 0 1
78.4 -324.7299404539749 1280.3994879359846 0.13670917713784547 0 0 0 1
78.5 -328.71991952277233 1280.4897540701731 0.1369325202420839 0 0 0 1
78.59999999999998 -332.70989859033523 1280.5800202315886 0.13715836931638137 0 0 0 1
78.7 -336.69987765746185 1280.6702864284794 0.1373867275975158 0 0 0 1
78.79999999999998 -340.6898567227495 1280.760552656721 0.13761759287694986 0 0 0 1
78.9 -344.67983578862726 1280.8508189209 0.13785096653575124 0 0 0 1
79.0 -348.66981485213876 1280.9410852163921 0.1380868480900972 0 0 0 1
79.09999999999998 -352.6597939149563 1281.0313515407306 0.13832523745153935 0 0 0 1
79.2 -356.64977297849 1281.1216179010441 0.13856613405923213 0 0 0 1
79.29999999999998 -360.6397520389136 1281.2118842951754 0.13880953798982887 0 0 0 1
79.4 -364.62973109951304 1281.3021507156864 0.13905544916713097 0 0 0 1
79.5 -368.6197101594316 1281.3924171746012 0.13930386904812053 0 0 0 1
79.59999999999998 -372.60968921825474 1281.4826836623622 0.13955479650022085 0 0 0 1
79.7 -376.5996682755914 1281.572950185251 0.13980823035134904 0 0 0 1
79.79999999999998 -380.58964733309625 1281.6632167394905 0.14006417238073254 0 0 0 1
79.9 -384.57962638952637 1281.7534833271625 0.14032262194621126 0 0 0 1
80.0 -388.56960544419746 1281.8437499453 0.1405835802117963 0 0 0 1
80.09999999999998 -392.55965651749614 1281.9307248108291 0.14084638812269645 0 0 0 1
80.2 -396.55008435453766 1281.9977483064363 0.1411077212265468 0 0 0 1
80.29999999999998 -400.5409664342717 1282.0248647479148 0.14136357644102304 0 0 0 1
80.4 -404.5317815871282 1281.992117356959 0.14160991118069433 0 0 0 1
80.5 -408.5211107879445 1281.8795664387076 0.14184263376165518 0 0 0 1
80.59999999999998 -412.50633880808033 1281.6673299866666 0.14205758038920635 0 0 0 1
80.7 -416.4833582471181 1281.3356541383628 0.1422505231207083 0 0 0 1
80.79999999999998 -420.44627849548056 1280.8650208130996 0.14241715528501686 0 0 0 1
80.9 -424.3871434623702 1280.2362995915678 0.14255311631302447 0 0 0 1
81.0 -428.2956634665417 1279.4309504667783 0.14265399870674855 0 0 0 1
81.09999999999998 -432.1589683940705 1278.431283548679 0.14271539335013017 0 0 0 1
81.2 -435.9614212370065 1277.2208681651468 0.14273294747823684 0 0 0 1
81.29999999999998 -439.68637982487735 1275.789731611018 0.14270352789134222 0 0 0 1
81.4 -443.32090946996993 1274.14235369528 0.14262713732455268 0 0 0 1
81.5 -446.8559341906939 1272.2909743007688 0.14250558621026244 0 0 0 1
81.59999999999998 -450.2851160703795 1270.2501189680556 0.1423413314492734 0 0 0 1
81.7 -453.604152536735 1268.034552712867 0.14213700777747817 0 0 0 1
81.79999999999998 -456.81032800630123 1265.658525410958 0.14189525123936164 0 0 0 1
81.9 -459.90220509918095 1263.1354989325212 0.14161863259946017 0 0 0 1
82.0 -462.87939301937905 1260.4780585580422 0.14130961599059333 0 0 0 1
82.09999999999998 -465.7423619041672 1257.6978984189 0.14097054626094518 0 0 0 1
82.2 -468.49228805178086 1254.805839101291 0.14060364037356976 0 0 0 1
82.29999999999998 -471.1309223868641 1251.8118605477894 0.14021099470639342 0 0 0 1
82.4 -473.6604778661764 1248.7251428944144 0.1397945713825095 0 0 0 1
82.5 -476.08353301814907 1245.554111398153 0.13935621367835438 0 0 0 1
82.59999999999998 -478.4029495056855 1242.3064832722157 0.13889764119988968 0 0 0 1
82.7 -480.6218019000176 1238.98931502684 0.13842046054418233 0 0 0 1
82.79999999999998 -482.7433181795707 1235.6090492589901 0.13792616764956733 0 0 0 1
82.9 -484.7708295271113 1232.171560220638 0.1374161531116158 0 0 0 1
83.0 -486.7077282580745 1228.682197651479 0.1368917064610855 0 0 0 1
83.09999999999998 -488.5574327586243 1225.145828565732 0.1363540296176211 0 0 0 1
83.2 -490.3233584808168 1221.5668767510895 0.13580423433350575 0 0 0 1
83.29999999999998 -492.00889416519647 1217.9493598918866 0.13524335115349118 0 0 0 1
83.4 -493.61738252028294 1214.2969242443628 0.1346723338016318 0 0 0 1
83.5 -495.1521047282907 1210.612876932064 0.13409206775449434 0 0 0 1
83.59999999999998 -496.61626818592947 1206.9002158173992 0.13350337324567363 0 0 0 1
83.7 -498.012997028538 1203.1616571330082 0.13290700575342385 0 0 0 1
83.79999999999998 -499.34532495004316 1199.3996609101366 0.13230366822119777 0 0 0 1
83.9 -500.6161900146599 1195.6164543379202 0.13169401107947465 0 0 0 1
84.0 -501.8284310919288 1191.8140531742954 0.13107863294428057 0 0 0 1
84.09999999999998 -502.9847856610934 1187.9942813405914 0.13045809322716195 0 0 0 1
84.2 -504.08788876718023 1184.1587887971166 0.1298329080865699 0 0 0 1
84.29999999999998 -505.14027289398064 1180.3090678617355 0.1292035542371366 0 0 0 1
84.4 -506.1443686122935 1176.4464680790743 0.1285704734697788 0 0 0 1
84.5 -507.1025058467872 1172.5722097182686 0.12793407878604057 0 0 0 1
84.59999999999998 -508.0169156300519 1168.6873960622609 0.1272947495751282 0 0 0 1
84.7 -508.88973226558113 1164.793024572309 0.1266528396105855 0 0 0 1
84.79999999999998 -509.7229957739172 1160.889996988104 0.1260086774998399 0 0 0 1
84.9 -510.5186545861982 1156.979128505538 0.12536256804014556 0 0 0 1
85.0 -511.27856838984144 1153.0611560974896 0.12471479298093868 0 0 0 1
85.09999999999998 -512.0045111109227 1149.1367460401532 0.12406561540367989 0 0 0 1
85.2 -512.6981739365582 1145.2065007095555 0.12341528221037379 0 0 0 1
85.29999999999998 -513.3611684141125 1141.2709647612041 0.12276401997414155 0 0 0 1
85.4 -513.9950295218396 1137.3306306958712 0.12211203895245148 0 0 0 1
85.5 -514.6012187444771 1133.3859439031014 0.12145954153953653 0 0 0 1
85.59999999999998 -515.1811271070293 1129.437307217058 0.12080670720092712 0 0 0 1
85.7 -515.7360781605784 1125.4850850278503 0.12015370938979686 0 0 0 1
85.79999999999998 -516.267330892767 1121.529607000434 0.11950070899533216 0 0 0 1
85.9 -516.7760825798914 1117.5711714446006 0.11884785522534003 0 0 0 1
86.0 -517.2634715571786 1113.6100483270038 0.11819528967660631 0 0 0 1
86.09999999999998 -517.7305798873906 1109.646482027348 0.11754314142069688 0 0 0 1
86.2 -518.178435964553 1105.6806938096452 0.11689153229275462 0 0 0 1
86.29999999999998 -518.6080170051894 1101.7128840460396 0.11624057782555042 0 0 0 1
86.4 -519.0202514613172 1097.7432342438324 0.11559038436055857 0 0 0 1
86.5 -519.4160213339292 1093.7719088429214 0.11494105188478443 0 0 0 1
86.59999999999998 -519.7961643906765 1089.7990568964522 0.11429267626874662 0 0 0 1
86.7 -520.161476302474 1085.8248135130466 0.11364534424581052 0 0 0 1
86.79999999999998 -520.5127126799935 1081.8493012155482 0.1129991397242236 0 0 0 1
86.9 -520.8505910256725 1077.8726311539137 0.11235413944689299 0 0 0 1
87.0 -521.1757926099078 1073.8949041764192 0.1117104163271847 0 0 0 1
87.09999999999998 -521.4889642378295 1069.91621183395 0.11106803871209081 0 0 0 1
87.2 -521.7907199635227 1065.9366372515742 0.11042707082972925 0 0 0 1
87.29999999999998 -522.0816427101989 1061.9562559429128 0.10978757426045149 0 0 0 1
87.4 -522.3622858158997 1057.9751365320283 0.1091496037674915 0 0 0 1
87.5 -522.6331745133672 1053.9933414003401 0.10851321587648499 0 0 0 1
87.59999999999998 -522.8948073386337 1050.0109272890377 0.10787845904326332 0 0 0 1
87.7 -523.1476574525003 1046.0279458176594 0.10724538060736677 0 0 0 1
87.79999999999998 -523.3921739396918 1042.04444398167 0.10661402577414947 0 0 0 1
87.9 -523.6287829972377 1038.0604645787694 0.10598443758658505 0 0 0 1
88.0 -523.8578891087902 1034.0760466017116 0.10535665325241439 0 0 0 1
88.09999999999998 -524.0798761203031 1030.091225599282 0.10473071389361621 0 0 0 1
88.2 -524.295108300918 1026.1060339906742 0.10410664984425466 0 0 0 1
88.29999999999998 -524.5039313267705 1022.1205013578156 0.10348449874467747 0 0 0 1
88.4 -524.7066732207344 1018.1346547120621 0.10286429108623452 0 0 0 1
88.5 -524.9036452535399 1014.1485187316592 0.10224605459447389 0 0 0 1
88.59999999999998 -525.0951427869825 1010.1621159698104 0.1016298178894317 0 0 0 1
88.7 -525.281446095301 1006.1754670504159 0.10101560900798745 0 0 0 1
88.79999999999998 -525.4628211163392 1002.1885908475657 0.1004034520857715 0 0 0 1
88.9 -525.639520195828 998.201504645148 0.0997933693039954 0 0 0 1
89.0 -525.8117827694689 994.2142242819068 0.0991853848143478 0 0 0 1
89.09999999999998 -525.9798360255182 990.226764265554 0.09857952048074026 0 0 0 1
89.2 -526.143895528636 986.2391379194557 0.09797579319592842 0 0 0 1
89.29999999999998 -526.3041658122048 982.251357459191 0.09737422356292313 0 0 0 1
89.4 -526.4608409411165 978.2634341236043 0.09677483049378566 0 0 0 1
89.5 -526.6141050478785 974.2753782202722 0.09617762800675678 0 0 0 1
89.59999999999998 -526.7641328366594 970.2871992491756 0.09558263429340741 0 0 0 1
89.7 -526.9110900685486 966.2989059444768 0.09498986312388524 0 0 0 1
89.79999999999998 -527.0551340149713 962.3105063452499 0.09439932991105593 0 0 0 1
89.9 -527.1964138972279 958.322007870451 0.09381104738002932 0 0 0 1
90.0 -527.335071288484 954.3334173624918 0.09322502998116988 0 0 0 1
90.1 -527.4715577962675 950.344751931222 0.09264131517610963 0 0 0 1
90.2 -527.6070936287533 946.3560540611112 0.09206000950015891 0 0 0 1
90.3 -527.7422970248292 942.3673449041155 0.0914811723455955 0 0 0 1
90.4 -527.8773835535728 938.3786317896054 0.09090481952296159 0 0 0 1
90.5 -528.012428377566 934.389917261955 0.09033095805364155 0 0 0 1
90.6 -528.147457707752 930.4012022096415 0.08975958984410681 0 0 0 1
90.7 -528.2824806803451 926.4124869394855 0.08919071789284772 0 0 0 1
90.8 -528.4175004812337 922.4237715644014 0.08862433945563453 0 0 0 1
90.9 -528.552518223232 918.4350561174695 0.08806045624444891 0 0 0 1
91.0 -528.687534293377 914.4463406146322 0.08749906778589889 0 0 0 1
91.1 -528.8225488238389 910.4576250591354 0.08694017528796394 0 0 0 1
91.2 -528.9575618657598 906.4689094523926 0.08638377720873791 0 0 0 1
91.3 -529.0925734332013 902.4801937971373 0.08582987443716661 0 0 0 1
91.4 -529.2275835307025 898.4914780901308 0.0852784666032278 0 0 0 1
91.5 -529.3625921657201 894.5027623348402 0.08472955388648984 0 0 0 1
91.6 -529.4975993338282 890.5140465249839 0.08418313462718174 0 0 0 1
91.7 -529.6326050363937 886.5253306700438 0.08363921293207 0 0 0 1
91.8 -529.7676092746713 882.5366147626952 0.08309778390992051 0 0 0 1
91.9 -529.9026120474139 878.5478988052909 0.08255885152019005 0 0 0 1
92.0 -530.0376133532008 874.559182800374 0.08202241358526408 0 0 0 1
92.1 -530.1726131968849 870.5704667425867 0.08148847103856838 0 0 0 1
92.2 -530.3076115741125 866.5817506377106 0.08095702301639562 0 0 0 1
92.3 -530.442608485568 862.5930344807357 0.08042807019194242 0 0 0 1
92.4 -530.5776039334748 858.6043182770959 0.07990161337770019 0 0 0 1
92.5 -530.7125979156765 854.6156020188904 0.0793776507288726 0 0 0 1
92.6 -530.8475904316169 850.6268857144436 0.07885618227203395 0 0 0 1
92.7 -530.982581484194 846.6381693578982 0.07833721042888442 0 0 0 1
92.8 -531.1175710699519 842.6494529521827 0.07782073280864665 0 0 0 1
92.9 -531.2525591922275 838.6607364973354 0.07730675016617283 0 0 0 1
93.0 -531.3875458497192 834.6720199929324 0.07679526195974518 0 0 0 1
93.1 -531.5225310406879 830.6833034359305 0.07628627114755204 0 0 0 1
93.2 -531.657514767585 826.6945868319542 0.07577977264068636 0 0 0 1
93.3 -531.7924970293869 822.7058701758408 0.07527577093665627 0 0 0 1
93.4 -531.9274778252702 818.7171534709814 0.07477426376118501 0 0 0 1
93.5 -532.0624571567012 814.7284367157566 0.07427525045730476 0 0 0 1
93.6 -532.1974350226949 810.7397199109 0.07377873361960496 0 0 0 1
93.7 -532.3324114239327 806.7510030561019 0.07328471025132899 0 0 0 1
93.8 -532.4673863597332 802.762286151672 0.07279318334911977 0 0 0 1
93.9 -532.6023598301631 798.7735691951432 0.07230415188070083 0 0 0 1
94.0 -532.7373318365628 794.7848521928352 0.07181761448492807 0 0 0 1
94.1 -532.8723023776615 790.796135139238 0.07133357332332935 0 0 0 1
94.2 -533.0072714533378 786.807418034042 0.07085202492729081 0 0 0 1
94.3 -533.1422390635382 782.8187008812952 0.07037297306294477 0 0 0 1
94.4 -533.2772052089932 778.8299836769116 0.06989641556913284 0 0 0 1
94.5 -533.4121698903692 774.8412664225485 0.06942235314960499 0 0 0 1
94.6 -533.5471331062694 770.8525491206345 0.06895078726191173 0 0 0 1
94.7 -533.6820948562197 766.8638317670838 0.06848171503671097 0 0 0 1
94.8 -533.8170551407222 762.8751143655965 0.06801513837658035 0 0 0 1
94.9 -533.9520139619459 758.8863969108531 0.06755105542990236 0 0 0 1
95.0 -534.0869713163042 754.897679406016 0.0670894695407469 0 0 0 1
95.1 -534.2219272057704 750.9089618528947 0.06663037735285116 0 0 0 1
95.2 -534.3568816316183 746.9202442522986 0.0661737803746405 0 0 0 1
95.3 -534.4918345907653 742.9315265995658 0.06571967925526678 0 0 0 1
95.4 -534.6267860860289 738.9428088977011 0.0652680728777284 0 0 0 1
95.5 -534.7617361161456 734.9540911441995 0.064818960634625 0 0 0 1
95.6 -534.8966846811078 730.9653733440329 0.0643723434577339 0 0 0 1
95.7 -535.0316317809054 726.9766554909199 0.06392822228315254 0 0 0 1
95.8 -535.1665774137472 722.9879375902941 0.06348659556337566 0 0 0 1
95.9 -535.3015215835471 718.9992196384554 0.0630474639917793 0 0 0 1
96.0 -535.4364642885732 715.0105016353656 0.06261082775739624 0 0 0 1
96.1 -535.5714055271534 711.0217835834917 0.06217668694858958 0 0 0 1
96.2 -535.7063453014382 707.033065484181 0.0617450397445225 0 0 0 1
96.3 -535.8412836104887 703.0443473311144 0.061315887742267705 0 0 0 1
96.4 -535.9762204553656 699.0556291309208 0.060889232813536864 0 0 0 1
96.5 -536.1111558343102 695.0669108804001 0.06046506967942378 0 0 0 1
96.6 -536.2460897478873 691.078192581057 0.06004340381193174 0 0 0 1
96.7 -536.3810221967187 687.089474230077 0.0596242323149454 0 0 0 1
96.8 -536.5159531802108 683.1007558298891 0.059207557117787246 0 0 0 1
96.9 -536.6508827003156 679.1120373777165 0.05879337489932368 0 0 0 1
97.0 -536.7858107531047 675.1233188792266 0.05838168866691262 0 0 0 1
97.1 -536.9207373410505 671.1346003286761 0.057972496971189 0 0 0 1
97.2 -537.0556624648508 667.145881730613 0.05756580138222489 0 0 0 1
97.3 -537.1905861227708 663.1571630817225 0.05716160025619388 0 0 0 1
97.4 -537.325508316972 659.1684443816571 0.056759892673284185 0 0 0 1
97.5 -537.4604290446706 655.179725633579 0.056360682449536625 0 0 0 1
97.6 -537.5953483084267 651.1910068338641 0.05596396706820883 0 0 0 1
97.7 -537.7302661059914 647.2022879887176 0.055569746679339005 0 0 0 1
97.8 -537.8651824387202 643.2135690865385 0.05517801989543614 0 0 0 1
97.9 -538.0000973062666 639.2248501380803 0.05478878914451002 0 0 0 1
98.0 -538.1350107092941 635.2361311417235 0.05440205329759351 0 0 0 1
98.1 -538.2699226475373 631.247412095811 0.054017811886723166 0 0 0 1
98.2 -538.4048331213212 627.2586929965283 0.05363606711648572 0 0 0 1
98.3 -538.5397421268754 623.2699738489233 0.05325681529259896 0 0 0 1
98.4 -538.6746496701237 619.2812546525721 0.05288006012119695 0 0 0 1
98.5 -538.8095557494189 615.2925354062794 0.05250579889118967 0 0 0 1
98.6 -538.944460359978 611.3038161082355 0.052134033306771244 0 0 0 1
98.7 -539.0793635082491 607.3150967627553 0.051764762506991246 0 0 0 1
98.8 -539.2142651907378 603.3263773668715 0.05139798600390577 0 0 0 1
98.9 -539.3491654072899 599.3376579209321 0.05103370589725387 0 0 0 1
99.0 -539.4840641592921 595.3489384242035 0.05067191982851682 0 0 0 1
99.1 -539.6189614459265 591.3602188786527 0.0503126310263724 0 0 0 1
99.2 -539.7538572680983 587.3714992844318 0.04995583519476554 0 0 0 1
99.3 -539.8887516242921 583.38277963896 0.0496015339923872 0 0 0 1
99.4 -540.0236445164071 579.3940599435084 0.04924972786434978 0 0 0 1
99.5 -540.1585359436816 575.4053401992726 0.048900418105944254 0 0 0 1
99.6 -540.2934259046078 571.4166204066764 0.04855360360684813 0 0 0 1
99.7 -540.4283144012285 567.4279005603624 0.04820928364858901 0 0 0 1
99.8 -540.5632014325274 563.4391806661499 0.04786745812236859 0 0 0 1
99.9 -540.6980869997369 559.4504607236532 0.047528126769350365 0 0 0 1
100.0 -540.8329711002071 555.4617407311007 0.04719129134082323 0 0 0 1
100.1 -540.9678537378027 551.4730206885687 0.046856951694621785 0 0 0 1
100.2 -541.102734908216 547.4843005947855 0.046525105969692504 0 0 0 1
100.3 -541.2376146138274 543.4955804501371 0.04619575654868413 0 0 0 1
100.4 -541.3724928552724 539.5068602613667 0.04586890143221467 0 0 0 1
100.5 -541.5073696316476 535.5181400167972 0.04554454031898558 0 0 0 1
100.6 -541.6422449413145 531.5294197250626 0.04522267599628549 0 0 0 1
100.7 -541.7771187886623 527.5406993830009 0.04490330559212907 0 0 0 1
100.8 -541.9119911683597 523.5519789921549 0.04458642990562112 0 0 0 1
100.9 -542.0468620836566 519.5632585504436 0.044272050759076365 0 0 0 1
101.0 -542.1817315345605 515.5745380608719 0.043960165383509775 0 0 0 1
101.1 -542.3165995202507 511.5858175221302 0.04365077517479676 0 0 0 1
101.2 -542.451466040375 507.59709693044204 0.0433438807323796 0 0 0 1
101.3 -542.5863310958129 503.6083762896221 0.04303948055982687 0 0 0 1
101.4 -542.7211946865082 499.6196556004417 0.04273757659052535 0 0 0 1
101.5 -542.8560568113514 495.6309348600484 0.04243816611750617 0 0 0 1
101.6 -542.9909174711098 491.64221407379955 0.04214125151111148 0 0 0 1
101.7 -543.125776665868 487.6534932325613 0.04184683170839776 0 0 0 1
101.8 -543.2606343959013 483.6647723442722 0.04155490624114577 0 0 0 1
101.9 -543.3954906612306 479.67605140554167 0.041265476911576116 0 0 0 1
102.0 -543.5303454605153 475.6873304180269 0.04097854324359673 0 0 0 1
102.1 -543.6651987957105 471.69860938222797 0.04069410374887639 0 0 0 1
102.2 -543.8000506651027 467.7098882914395 0.04041215858586611 0 0 0 1
102.3 -543.9349010699684 463.7211671577244 0.040132709258529076 0 0 0 1
102.4 -544.0697500093629 459.73244596821024 0.03985575369844696 0 0 0 1
102.5 -544.2045974831452 455.7437247328026 0.039581294902035324 0 0 0 1
102.6 -544.3394434932472 451.75500344413894 0.039309329583204544 0 0 0 1
102.7 -544.4742880380302 447.76628211085324 0.03903986052915798 0 0 0 1
102.8 -544.6091311175093 443.77756072300195 0.03877288587656835 0 0 0 1
102.9 -544.7439727302415 439.78883929006673 0.03850840808013345 0 0 0 1
103.0 -544.878812879517 435.8001178043374 0.03824642246192411 0 0 0 1
103.1 -545.0136515640218 431.81139627063345 0.037986934013758855 0 0 0 1
103.2 -545.148488782116 427.8226746827877 0.037729939092741915 0 0 0 1
103.3 -545.2833245366512 423.8339530499722 0.037475439280768796 0 0 0 1
103.4 -545.4181588251522 419.84523136667724 0.03722343603152467 0 0 0 1
103.5 -545.5529916493267 415.856509633055 0.036973925520896955 0 0 0 1
103.6 -545.6878230076449 411.8677878484913 0.036726913108310555 0 0 0 1
103.7 -545.8226529014898 407.87906601695295 0.03648239276509457 0 0 0 1
103.8 -545.9574813295067 403.89034413408734 0.03624036955312704 0 0 0 1
103.9 -546.0923082918001 399.90162220332337 0.03600084053721275 0 0 0 1
104.0 -546.2271337909539 395.91290022092244 0.03576380683574598 0 0 0 1
104.1 -546.3619578248525 391.92417818815625 0.03552926653389932 0 0 0 1
104.2 -546.4967803927198 387.93545610818694 0.035297224627640844 0 0 0 1
104.3 -546.6316014959957 383.9467339762331 0.03506767499206376 0 0 0 1
104.4 -546.7664211335201 379.9580117967665 0.03484062051924752 0 0 0 1
104.5 -546.9012393063687 375.96928956647275 0.03461606121734917 0 0 0 1
104.6 -547.0360560140141 371.98056728531367 0.034393997983471536 0 0 0 1
104.7 -547.1708712574336 367.99184495752763 0.034174429154688823 0 0 0 1
104.8 -547.3056850350117 364.00312257683316 0.03395735472327033 0 0 0 1
104.9 -547.4404973477804 360.0144001502453 0.03374277752752164 0 0 0 1
105.0 -547.5753081947948 356.0256776728682 0.03353069366173145 0 0 0 1
105.1 -547.7101175772 352.03695514219703 0.03332110393449739 0 0 0 1
105.2 -547.8449254944923 348.04823256605613 0.033114011040595415 0 0 0 1
105.3 -547.9797319465398 344.05950993785456 0.03290941244748069 0 0 0 1
105.4 -548.114536933667 340.07078726175456 0.032707308522446965 0 0 0 1
105.5 -548.2493404563523 336.0820645335939 0.03250769937011455 0 0 0 1
105.6 -548.3841425132968 332.0933417562252 0.032310586281624865 0 0 0 1
105.7 -548.5189431045875 328.10461893176756 0.03211596818965745 0 0 0 1
105.8 -548.653742233765 324.115896056135 0.03192384458478159 0 0 0 1
105.9 -548.788539893599 320.1271731295991 0.031734215820961253 0 0 0 1
106.0 -548.9233360905894 316.13845015597434 0.031547083705589785 0 0 0 1
106.1 -549.0581308217278 312.1497271311365 0.03136244508644381 0 0 0 1
106.2 -549.1929240889827 308.16100405716685 0.031180301209104755 0 0 0 1
106.3 -549.3277158904657 304.1722809310984 0.031000652529542094 0 0 0 1
106.4 -549.4625062268636 300.1835577591745 0.030823499716660763 0 0 0 1
106.5 -549.5972950988095 296.1948345368853 0.030648840775398867 0 0 0 1
106.6 -549.7320825049165 292.2061112649642 0.030476678064303542 0 0 0 1
106.7 -549.8668684449481 288.2173879413682 0.03030701014870374 0 0 0 1
106.8 -550.0016529211833 284.2286645707594 0.03013983590750513 0 0 0 1
106.9 -550.1364359328924 280.23994114924733 0.02997515933930117 0 0 0 1
107.0 -550.2712174788086 276.25121767902715 0.029812976166653016 0 0 0 1
107.1 -550.4059975601465 272.26249415840357 0.029653287998655742 0 0 0 1
107.2 -550.5407761758386 268.27377058571926 0.02949609389540342 0 0 0 1
107.3 -550.6755533264457 264.28504696717954 0.029341395658860847 0 0 0 1
107.4 -550.8103290117517 260.2963232973507 0.02918919365652073 0 0 0 1
107.5 -550.9451032324307 256.3075995808949 0.029039485823346922 0 0 0 1
107.6 -551.0798759877775 252.3188758102592 0.028892273358366083 0 0 0 1
107.7 -551.2146472788293 248.33015199218698 0.028747554498067984 0 0 0 1
107.8 -551.3494171030852 244.3414281248306 0.028605333495676177 0 0 0 1
107.9 -551.4841854642475 240.35270420676113 0.02846560497314954 0 0 0 1
108.0 -551.618952359599 236.363980238674 0.028328371713996603 0 0 0 1
108.1 -551.7537177905989 232.3752562239219 0.028193633993083722 0 0 0 1
108.2 -551.888481754193 228.38653215745677 0.02806139149274145 0 0 0 1
108.3 -552.0232442547065 224.3978080418598 0.027931644206148576 0 0 0 1
108.4 -552.158005289036 220.40908387585938 0.02780439098026477 0 0 0 1
108.5 -552.2927648589163 216.42035966277007 0.027679633458831177 0 0 0 1
108.6 -552.427522964962 212.4316353967725 0.027557371514689066 0 0 0 1
108.7 -552.5622796038848 208.4429110820287 0.027437603391121 0 0 0 1
108.8 -552.6970347790634 204.45418671977222 0.02732033161032632 0 0 0 1
108.9 -552.831788487852 200.46546230796005 0.02720555332166441 0 0 0 1
109.0 -552.9665407320731 196.47673784404907 0.02709327093873526 0 0 0 1
109.1 -553.1012915125189 192.48801332973468 0.026983484032456317 0 0 0 1
109.2 -553.2360408248046 188.49928876790761 0.026876190872997086 0 0 0 1
109.3 -553.3707886749903 184.51056415648674 0.026771394934627324 0 0 0 1
109.4 -553.5055350593137 180.52183949554822 0.02666909159131592 0 0 0 1
109.5 -553.6402799793935 176.53311478667314 0.0265692845210026 0 0 0 1
109.6 -553.775023432469 172.54439002608507 0.026471972907302188 0 0 0 1
109.7 -553.9097654216196 168.5556652151697 0.026377154268146796 0 0 0 1
109.8 -554.0445059452275 164.56694035917053 0.02628483319318775 0 0 0 1
109.9 -554.179245003668 160.57821544694838 0.026195006287736078 0 0 0 1
110.0 -554.3139825975404 156.58949049060425 0.02610767345078102 0 0 0 1
110.1 -554.4454279471752 152.6006567775903 0.026022547952578634 0 0 0 1
110.2 -554.5569258739251 148.6112238896235 0.025938159566152308 0 0 0 1
110.3 -554.6285228028565 144.6208919435399 0.02585276284679594 0 0 0 1
110.4 -554.640257407639 140.62995968192854 0.025764620659430193 0 0 0 1
110.5 -554.572175442283 136.63962385101271 0.0256720172524183 0 0 0 1
110.6 -554.40436701947 132.65227799127416 0.02557326486112288 0 0 0 1
110.7 -554.1170337746332 128.67180916655877 0.02546671946399215 0 0 0 1
110.8 -553.690593251508 124.70389018640037 0.025350784088630007 0 0 0 1
110.9 -553.1058276175635 120.75626354556593 0.025223941299771013 0 0 0 1
111.0 -552.3440834424819 116.83901177143143 0.02508475697021595 0 0 0 1
111.1 -551.3875286115083 112.96480713549636 0.024931913520589433 0 0 0 1
111.2 -550.2195593438703 109.14910267305504 0.024764250273307198 0 0 0 1
111.3 -548.8300182398816 105.40842846291909 0.02458117217119593 0 0 0 1
111.4 -547.2232408383456 101.7557683667757 0.024383272029012915 0 0 0 1
111.5 -545.4113652706533 98.2003342162167 0.024171749657313057 0 0 0 1
111.6 -543.408845681638 94.74862540119368 0.02394794923606014 0 0 0 1
111.7 -541.230398345826 91.4051087352154 0.023713203220154355 0 0 0 1
111.8 -538.890242106465 88.17265838288586 0.02346876508886453 0 0 0 1
111.9 -536.4018220825669 85.05286160140437 0.023215803834460758 0 0 0 1
112.0 -533.7777185013225 82.04624934232194 0.02295539401768565 0 0 0 1
112.1 -531.0296300815663 79.15248174676921 0.022688515717220525 0 0 0 1
112.2 -528.1683899037042 76.37050309386834 0.022416063937953368 0 0 0 1
112.3 -525.2039968606792 73.69867370440329 0.02213885256304593 0 0 0 1
112.4 -522.1456552149394 71.13488298485865 0.021857625177432283 0 0 0 1
112.5 -519.0018184657275 68.67664636972769 0.021573046013429575 0 0 0 1
112.6 -515.7802352641343 66.32118830656253 0.021285723980042803 0 0 0 1
112.7 -512.4879959577472 64.0655129633394 0.020996204017791342 0 0 0 1
112.8 -509.1315787267056 61.90646429304449 0.020704979976926552 0 0 0 1
112.9 -505.7168945832419 59.84077670882655 0.020412494639657552 0 0 0 1
113.0 -502.24933074160344 57.8651176581773 0.020119147913334245 0 0 0 1
113.1 -498.73379200152704 55.97612313158737 0.01982529627341023 0 0 0 1
113.2 -495.17473993090834 54.17042713301551 0.01953126352790946 0 0 0 1
113.3 -491.57622972030373 52.44468584615467 0.0192373397265726 0 0 0 1
113.4 -487.9419446433086 50.79559735006481 0.01894378209834713 0 0 0 1
113.5 -484.2752281620871 49.21991747079554 0.01865082103830673 0 0 0 1
113.6 -480.5791136834984 47.714472363990495 0.018358666475251084 0 0 0 1
113.7 -476.8563520721536 46.27616832377933 0.018067505566563113 0 0 0 1
113.8 -473.1094369972136 44.90199920795159 0.01777750072662343 0 0 0 1
113.9 -469.34062823632974 43.58905191803454 0.017488802275067883 0 0 0 1
114.0 -465.5519730426647 42.33451018982353 0.017201543432832977 0 0 0 1
114.1 -461.7453257120845 41.1356570067349 0.01691583899264515 0 0 0 1
114.2 -457.9223654481967 39.98987583374195 0.016631798845764934 0 0 0 1
114.3 -454.0846126919255 38.89465095760204 0.01634951539867302 0 0 0 1
114.4 -450.2334439644764 37.84756696151511 0.016069073166079306 0 0 0 1
114.5 -446.3701054126526 36.846307641423536 0.015790544875841306 0 0 0 1
114.6 -442.4957251029914 35.88865437478185 0.015514001621966145 0 0 0 1
114.7 -438.61132419683963 34.97248408087576 0.015239499771183773 0 0 0 1
114.8 -434.71782710505113 34.09576689720342 0.014967092689317951 0 0 0 1
114.9 -430.81607067405037 33.25656358037054 0.014696827964144177 0 0 0 1
115.0 -426.9068125444502 32.45302274905376 0.014428746318856156 0 0 0 1
115.1 -422.99073870240136 31.683377999667584 0.014162887400317459 0 0 0 1
115.2 -419.06847032699517 30.945944940640857 0.013899281975170652 0 0 0 1
115.3 -415.1405699866693 30.23911818611535 0.013637962667786496 0 0 0 1
115.4 -411.20754725145946 29.561368323717943 0.01337895120971666 0 0 0 1
115.5 -407.2698637605596 28.911238912644222 0.013122272683915526 0 0 0 1
115.6 -403.327937812967 28.287343491016586 0.01286795038546984 0 0 0 1
115.7 -399.3821485218719 27.688362637681905 0.01261600034703747 0 0 0 1
115.8 -395.4328395563398 27.113041109335867 0.012366437843269296 0 0 0 1
115.9 -391.4803225382042 26.560185015569743 0.012119279581696674 0 0 0 1
116.0 -387.52488010293393 26.02865909342023 0.011874536775707156 0 0 0 1
116.1 -383.5667686671289 25.517384062344334 0.011632221188904168 0 0 0 1
116.2 -379.6062209351845 25.025334047617648 0.011392340952852464 0 0 0 1
116.3 -375.64344815334465 24.551534119102527 0.01115490893465676 0 0 0 1
116.4 -371.6786421553766 24.095057899733803 0.010919930674560874 0 0 0 1
116.5 -367.7119772084724 23.65502526427666 0.010687412389927431 0 0 0 1
116.6 -363.74361167713846 23.230600159172482 0.010457360668141291 0 0 0 1
116.7 -359.77368953142303 22.820988457837316 0.010229782320664071 0 0 0 1
116.8 -355.80234170662436 22.42543595839213 0.010004679599290967 0 0 0 1
116.9 -351.8296873330782 22.043226432299328 0.009782059670442322 0 0 0 1
117.0 -347.85583484969857 21.673679774836728 0.009561924067014616 0 0 0 1
117.1 -343.8808830017481 21.31615023410808 0.00934427681283978 0 0 0 1
117.2 -339.90492175640327 20.970024716450872 0.009129119854407008 0 0 0 1
117.3 -335.92803311369477 20.63472117881426 0.008916457395770294 0 0 0 1
117.4 -331.9502918617044 20.309687065040826 0.008706289389380117 0 0 0 1
117.5 -327.9717662288567 19.994397873131575 0.008498620193165607 0 0 0 1
117.6 -323.99251850667275 19.68835573172099 0.008293448560664274 0 0 0 1
117.7 -320.01260558661136 19.391088071846845 0.008090777888924094 0 0 0 1
117.8 -316.0320794650912 19.102146369477715 0.007890610761478456 0 0 0 1
117.9 -312.0509876865345 18.82110491268132 0.007692945088422221 0 0 0 1
118.0 -308.0693737471414 18.54755969058869 0.007497783753365184 0 0 0 1
118.1 -304.0872774699617 18.281127259004222 0.007305127846677806 0 0 0 1
118.2 -300.1047353350263 18.021443739564525 0.0071149774296372925 0 0 0 1
118.3 -296.1217807762901 17.76816380865433 0.006927333625071697 0 0 0 1
118.4 -292.1384444571062 17.52095975026058 0.006742195877265544 0 0 0 1
118.5 -288.15475452210944 17.27952059735751 0.0065595662631352525 0 0 0 1
118.6 -284.1707368147095 17.043551247975834 0.0063794433897612635 0 0 0 1
118.7 -280.18641508418784 16.812771678279404 0.006201826625229501 0 0 0 1
118.8 -276.20181116888574 16.58691617352951 0.006026720570233124 0 0 0 1
118.9 -272.21694516135796 16.365732593846623 0.005854122427052744 0 0 0 1
119.0 -268.23183556743203 16.148981695362878 0.005684033518434717 0 0 0 1
119.1 -264.24649943261505 15.936436461008334 0.005516450085394808 0 0 0 1
119.2 -260.26095247436257 15.727881488997504 0.005351378110290739 0 0 0 1
119.3 -256.27520919667114 15.523112393292259 0.005188814808121833 0 0 0 1
119.4 -252.28928299038975 15.321935244121029 0.005028759924002202 0 0 0 1
119.5 -248.303186226546 15.12416603419981 0.004871214103474131 0 0 0 1
119.6 -244.31693034356383 14.929630173588627 0.0047161775465127675 0 0 0 1
119.7 -240.33052592452924 14.73816200971676 0.004563650888840698 0 0 0 1
119.8 -236.34398276860415 14.549604367871346 0.004413631336134927 0 0 0 1
