357474.0 0.4808580232420986 -0.010016773872524837 -0.22262998209656892 0 0 0 1
357475.0 0.510491078980163 -0.2977949612871266 -0.25962997397658966 0 0 0 1
357476.0 0.6520491669687123 -1.7452716842047304 -0.27062972876780195 0 0 0 1
357477.0 0.9119515608700367 -4.3305500897489955 -0.1656284670151763 0 0 0 1
357478.0 1.0776341080970606 -6.876424077428998 -0.21362620532652787 0 0 0 1
357479.0 1.306874390878716 -10.239370850415384 -0.22062165471994943 0 0 0 1
357480.0 1.595749468002262 -14.954610962286166 -0.3626122839063134 0 0 0 1
357481.0 2.039091510149538 -21.181115074002836 -0.2695945339446044 0 0 0 1
357482.0 2.455988581509123 -28.473997533856704 -0.36756602239491176 0 0 0 1
357483.0 2.815642982227161 -36.04269087207628 -0.330527625943446 0 0 0 1
357484.0 2.954024301438268 -43.471764983485265 -0.387481296249226 0 0 0 1
357485.0 3.030007058531083 -50.86573695321632 -0.38742662570536357 0 0 0 1
357486.0 3.173473918560569 -57.91903285863472 -0.4203664580760649 0 0 0 1
357487.0 3.2859798470730013 -64.61545111829557 -0.4343021320308704 0 0 0 1
357488.0 3.478052993333089 -71.06521453738286 -0.4842334861043962 0 0 0 1
357489.0 3.6816282574371084 -77.80267854515385 -0.49415481212982826 0 0 0 1
357490.0 3.995797039513239 -85.28567564048315 -0.5170590348622885 0 0 0 1
357491.0 4.439040657965617 -93.42879964330874 -0.6129447549964921 0 0 0 1
357492.0 4.964496718811389 -101.91776323366446 -0.5878144808115913 0 0 0 1
357493.0 5.572709113356533 -110.72407487614133 -0.6546673052884922 0 0 0 1
357494.0 6.125332880951628 -119.60595866479721 -0.7205065634611771 0 0 0 1
357495.0 6.610201831401288 -128.15084333212113 -0.7043402562442025 0 0 0 1
357496.0 7.053878081116669 -136.40657689048996 -0.7141687101590315 0 0 0 1
357497.0 7.425630382006793 -144.36649627059066 -0.8089932350215121 0 0 0 1
357498.0 7.751576489117938 -152.01636526029216 -0.8418152598731674 0 0 0 1
357499.0 8.059489260358058 -159.55534720397407 -0.8186308954130888 0 0 0 1
357500.0 8.377910872951873 -167.41959198898215 -0.865429079890609 0 0 0 1
357501.0 8.688505483912444 -175.60419954998957 -0.8862087627873274 0 0 0 1
357502.0 9.054608677734194 -184.1181295132817 -0.8969683685276655 0 0 0 1
357503.0 9.432340584163608 -192.84641623061913 -0.9277101093584159 0 0 0 1
357504.0 9.809652366477389 -201.85413507878522 -0.9704310636476539 0 0 0 1
357505.0 10.182742920160251 -211.17739672492388 -1.03312886295428 0 0 0 1
357506.0 10.466581836456964 -220.76325675792782 -1.1028040969769801 0 0 0 1
357507.0 10.627857044494064 -230.14069268036616 -1.0424726443112027 0 0 0 1
357508.0 10.774223132837134 -239.21764836975808 -1.0801387068808141 0 0 0 1
357509.0 10.893855949560411 -248.2397663920347 -1.1067940361972326 0 0 0 1
357510.0 10.980662368817606 -257.3893757126031 -1.1374315301380733 0 0 0 1
357511.0 11.079097229411135 -266.6400274678573 -1.1960516709200073 0 0 0 1
357512.0 11.18939369630136 -275.9975788077591 -1.25365376147316 0 0 0 1
357513.0 11.259702394014417 -285.460300501869 -1.2682375023558716 0 0 0 1
357514.0 11.331531195096952 -295.073150474799 -1.3208002757906412 0 0 0 1
357515.0 11.365170153397276 -304.8380382090003 -1.3493413831913434 0 0 0 1
357516.0 11.338426086766871 -314.7792910174326 -1.3588589664833908 0 0 0 1
357517.0 11.284729374680685 -324.7030394209836 -1.4163620057928537 0 0 0 1
357518.0 11.187396682679012 -334.293488782448 -1.4608671584444712 0 0 0 1
357519.0 11.04184736966667 -343.51278055551114 -1.4823779681091587 0 0 0 1
357520.0 10.872160020200585 -352.37971771641685 -1.471894961757675 0 0 0 1
357521.0 10.686782950596097 -361.2708510243943 -1.521398289943794 0 0 0 1
357522.0 10.54351682929489 -370.12892408908425 -1.519891078040959 0 0 0 1
357523.0 10.456632128527215 -378.7126831538703 -1.5383877597225526 0 0 0 1
357524.0 10.37818058312496 -387.0124480218452 -1.556890105214256 0 0 0 1
357525.0 10.25480310642527 -394.99581669010865 -1.5644013180838847 0 0 0 1
357526.0 10.205276861206148 -402.70669793265006 -1.6329196213789663 0 0 0 1
357527.0 10.352556446389672 -410.14184980392884 -1.5994460141060873 0 0 0 1
357528.0 11.213792986924094 -417.2369353372486 -1.615984758130752 0 0 0 1
357529.0 12.976391530977839 -423.8825011995732 -1.6835435876047464 0 0 0 1
357530.0 15.7714109165904 -430.09339438326697 -1.6061218303903617 0 0 0 1
357531.0 19.833211689545845 -435.90395228944163 -1.6047163191803495 0 0 0 1
357532.0 25.031662153057486 -440.97833674669005 -1.5763494423635205 0 0 0 1
357533.0 30.916080868544736 -444.80354652917947 -1.6000581388542408 0 0 0 1
357534.0 37.22426278593179 -447.47296073276175 -1.6608377438205508 0 0 0 1
357535.0 44.151733625415446 -449.03448100629777 -1.6846837215243973 0 0 0 1
357536.0 51.65483217143935 -449.9222438404129 -1.7305646273966637 0 0 0 1
357537.0 59.78162160905033 -450.5277264459093 -1.7964506373930043 0 0 0 1
357538.0 68.71448659782345 -451.0882931304287 -1.6813206943924968 0 0 0 1
357539.0 78.35536856081313 -451.75360294851106 -1.6551620344838653 0 0 0 1
357540.0 88.07168321892337 -452.4875662453254 -1.6389827619295545 0 0 0 1
357541.0 97.96797179071457 -453.2926439894983 -1.595780719751751 0 0 0 1
357542.0 108.05058315929406 -454.04388966692767 -1.6375638191195705 0 0 0 1
357543.0 118.28097153556794 -454.5079397436321 -1.697348530210057 0 0 0 1
357544.0 128.6785383093383 -454.68619861241086 -1.807133706805665 0 0 0 1
357545.0 139.18860118044728 -454.75846154381384 -1.852906948180717 0 0 0 1
357546.0 149.45765062035838 -454.77001021446495 -1.8966727985016405 0 0 0 1
357547.0 159.46256025238853 -454.6612789543053 -2.005437249924924 0 0 0 1
357548.0 169.2739213463142 -454.121126747681 -2.0602218074073164 0 0 0 1
357549.0 179.07727540186022 -453.24778562424893 -2.1010150557538196 0 0 0 1
357550.0 189.06372996431546 -452.41285550114185 -2.176784884490189 0 0 0 1
357551.0 199.25332115894764 -451.7415820807731 -2.2305209552617384 0 0 0 1
357552.0 209.64031201528343 -451.3307062164349 -2.3142156935392535 0 0 0 1
357553.0 220.300982065018 -451.1215622129495 -2.3868696784786323 0 0 0 1
357554.0 231.31685946371283 -451.1192764158387 -2.476478224433478 0 0 0 1
357555.0 242.62621116393186 -451.23661703097616 -2.5230480081175983 0 0 0 1
357556.0 254.1950025453802 -451.3952924700037 -2.6035843549225177 0 0 0 1
357557.0 265.67229954714526 -451.52278819989425 -2.679105657062564 0 0 0 1
357558.0 276.8794549703439 -451.49865227242657 -2.7226287278164136 0 0 0 1
357559.0 288.2629431281754 -451.38526480215376 -2.7891303363084177 0 0 0 1
357560.0 299.99227223698637 -451.24135369584485 -2.8695973748607173 0 0 0 1
357561.0 312.00587036834565 -451.11574311995656 -2.9230275001202415 0 0 0 1
357562.0 324.1487182362864 -451.0002925677423 -2.9054275892881662 0 0 0 1
357563.0 336.3812752674619 -450.8627907758828 -2.9148012689987013 0 0 0 1
357564.0 348.69195630584034 -450.77236978065923 -2.8921437752684653 0 0 0 1
357565.0 361.0028842414547 -450.6403193762102 -2.7554653468659183 0 0 0 1
357566.0 373.0559607916007 -450.6175599333107 -2.9177704888938933 0 0 0 1
357567.0 384.9199878457363 -450.5899912615794 -2.72606455884943 0 0 0 1
357568.0 396.465164795593 -450.56907110097626 -2.6593559099539448 0 0 0 1
357569.0 407.71427666768693 -450.5219178789776 -2.6046471365600325 0 0 0 1
357570.0 418.64677881933926 -450.45732653409095 -2.522940548963817 0 0 0 1
357571.0 429.24757120535185 -450.3609040854746 -2.5772398152726623 0 0 0 1
357572.0 439.7764479435534 -450.0356713295809 -2.5995425002762147 0 0 0 1
357573.0 450.29060224001273 -449.31327487510873 -2.535856728456139 0 0 0 1
357574.0 460.51775653501034 -448.2140547755823 -2.483200752169978 0 0 0 1
357575.0 470.3825785178503 -447.0305888841134 -2.393560862351677 0 0 0 1
357576.0 479.724163444315 -445.8722906503668 -2.3369432149218596 0 0 0 1
357577.0 488.5122464820373 -445.0532476720702 -2.2903305687962643 0 0 0 1
357578.0 496.9854515936092 -444.55227119780955 -2.2167081619013516 0 0 0 1
357579.0 505.1115224117067 -444.0880832374815 -2.1750994673966773 0 0 0 1
357580.0 512.7989874099663 -443.321460312196 -2.1945367781905816 0 0 0 1
357581.0 519.9661730890759 -442.018839751811 -2.0880444421744357 0 0 0 1
357582.0 526.5741816150799 -439.83532475099935 -2.0656508865242813 0 0 0 1
357583.0 532.6397974099821 -436.8014822653319 -1.972353455577462 0 0 0 1
357584.0 538.0700528530149 -432.9261413195514 -1.9311597700908862 0 0 0 1
357585.0 542.6365063217427 -427.9889010940944 -1.8791042235611428 0 0 0 1
357586.0 545.7912465694977 -422.04945105419023 -1.8532293769943635 0 0 0 1
357587.0 547.582237933194 -415.5323023648272 -1.8435027797106613 0 0 0 1
357588.0 548.7533363853897 -408.3211918361432 -1.788867033824289 0 0 0 1
357589.0 549.408036772442 -400.4194890880143 -1.7453109683499974 0 0 0 1
357590.0 549.6803439388502 -391.732430996455 -1.692826399596612 0 0 0 1
357591.0 549.6971690339129 -382.1698075831326 -1.6204045907248883 0 0 0 1
357592.0 549.6902993036967 -371.84675721334054 -1.5790148478609751 0 0 0 1
357593.0 549.7679200029349 -361.5457199353897 -1.4555998506697563 0 0 0 1
357594.0 549.8512738344455 -351.121639999344 -1.4121745048135779 0 0 0 1
357595.0 549.9592849804671 -340.4855748638113 -1.3517413109981078 0 0 0 1
357596.0 549.9833984649712 -329.6638113674786 -1.256307252147792 0 0 0 1
357597.0 549.9258388848056 -318.9359462108479 -1.237857226662328 0 0 0 1
357598.0 549.8750302002497 -308.1729461960759 -1.102390285659169 0 0 0 1
357599.0 549.8590016609269 -297.3338614654636 -1.0319057318968987 0 0 0 1
357600.0 549.8433296478728 -286.4308015056492 -1.0044056124478118 0 0 0 1
357601.0 549.8007841486988 -275.7008781059343 -0.9178817219613222 0 0 0 1
357602.0 549.5588540469905 -265.31273333136244 -0.8503428554306822 0 0 0 1
357603.0 549.2082513599584 -255.27277733920985 -0.749782556823277 0 0 0 1
357604.0 548.9309526181643 -245.59097878998568 -0.7371863458331802 0 0 0 1
357605.0 548.7605340356404 -236.19734254899123 -0.672555549246141 0 0 0 1
357606.0 548.620665111976 -226.7706509518242 -0.6089094620025719 0 0 0 1
357607.0 548.4709461781695 -217.03301479155067 -0.5862608818325441 0 0 0 1
357608.0 548.2795457840637 -207.47789083849392 -0.5755951115086759 0 0 0 1
357609.0 547.9546413369997 -197.91096556513827 -0.5339269190219511 0 0 0 1
357610.0 547.4773466480503 -188.195749329545 -0.5402618819065879 0 0 0 1
357611.0 546.8026084457301 -178.77100275630764 -0.38359089252105605 0 0 0 1
357612.0 545.999687009459 -169.4002015461564 -0.3089155109483954 0 0 0 1
357613.0 545.1063532512293 -159.56138357168163 -0.2862457431352823 0 0 0 1
357614.0 544.1622156661144 -149.65630057885974 -0.21256659300053116 0 0 0 1
357615.0 543.3254435863832 -139.98338662027683 -0.22085766409639973 0 0 0 1
357616.0 542.7005083838353 -130.61880080273676 -0.13410957070445306 0 0 0 1
357617.0 542.0954514146182 -121.54146893501088 -0.055340519711648994 0 0 0 1
357618.0 541.3232316503493 -112.79851726865462 -0.024566851219560704 0 0 0 1
357619.0 540.4559019337173 -104.46772070639551 0.03521752431501568 0 0 0 1
357620.0 539.8288759016527 -96.71563716519812 0.0770420486786918 0 0 0 1
357621.0 539.3462580292789 -89.43794714348427 0.08789493820520988 0 0 0 1
357622.0 538.817157481275 -82.57223884024314 0.17875753392004867 0 0 0 1
357623.0 537.673558675743 -76.0831396745105 0.1895799897055781 0 0 0 1
357624.0 535.6907431183839 -70.29823819893102 0.18234613064677774 0 0 0 1
357625.0 532.7634226289948 -65.38132815656404 0.20004767460986272 0 0 0 1
357626.0 528.9977642492355 -61.20466447843006 0.2716915338137653 0 0 0 1
357627.0 523.9899492435699 -57.5629685326235 0.34524256820768073 0 0 0 1
357628.0 518.0384360171242 -55.069249857148904 0.3267323929618158 0 0 0 1
357629.0 511.8506246363398 -53.42110600924087 0.21121674126044354 0 0 0 1
357630.0 505.4103232286668 -52.20877095220115 0.182690996239387 0 0 0 1
357631.0 499.05556639368615 -51.244796692338824 0.11418072223463582 0 0 0 1
357632.0 492.6813876350966 -50.41761186382283 0.04267652345509987 0 0 0 1
357633.0 486.2728140363192 -49.706856943843704 0.05417710179790447 0 0 0 1
357634.0 479.8441795844535 -49.22348103431713 0.015684459059798428 0 0 0 1
357635.0 472.9933757501554 -48.91160367023298 -0.0028317815556135884 0 0 0 1
357636.0 465.52527866513543 -48.64533532867756 -0.036385540995524934 0 0 0 1
357637.0 458.0027363547827 -48.48704734161474 -0.04193361613630486 0 0 0 1
357638.0 450.71442290453973 -48.41349880380419 -0.07445552080704942 0 0 0 1
357639.0 443.58156703868997 -48.46333387488761 -0.06495727001902196 0 0 0 1
357640.0 436.28065218817386 -48.5794423729963 0.02653794795548947 0 0 0 1
357641.0 428.9933171690677 -48.799941360012596 -0.02595672525146142 0 0 0 1
357642.0 421.90522956098806 -48.95530897893397 -0.04543029704271362 0 0 0 1
357643.0 415.0212205807088 -49.06125600989486 0.00611699283669509 0 0 0 1
357644.0 408.3343617224823 -49.13234121461733 0.1286841505472296 0 0 0 1
357645.0 401.7609507161832 -49.20495475084883 0.016265532405839167 0 0 0 1
357646.0 394.82219024301264 -49.20153849732108 0.024830411464535018 0 0 0 1
357647.0 387.00939088303545 -49.216430128454036 0.07034969852526274 0 0 0 1
357648.0 378.6837064109242 -49.230815197827 0.10584799336612605 0 0 0 1
357649.0 370.3127924294472 -49.29779893374414 0.12035496981422966 0 0 0 1
357650.0 361.4810438174894 -49.360732473634535 0.09884670607414137 0 0 0 1
357651.0 352.2008160392823 -49.410174778388956 0.13732573292884354 0 0 0 1
357652.0 342.50982937757647 -49.473073816914436 0.1417962627610052 0 0 0 1
357653.0 332.33135410058605 -49.5068187742318 0.16425582652979642 0 0 0 1
357654.0 321.8443994947276 -49.500451518314534 0.1557157539465095 0 0 0 1
357655.0 311.53682897783057 -49.526908335864555 0.14420204172836293 0 0 0 1
357656.0 301.287106430422 -49.58376986021815 0.11970803997584767 0 0 0 1
357657.0 290.8485887353973 -49.66455487908457 0.0862221154273044 0 0 0 1
357658.0 280.6091874951107 -49.72422084462714 0.060761973999959196 0 0 0 1
357659.0 270.79201088296384 -49.6799937474752 0.010335518379136488 0 0 0 1
357660.0 261.97582837583366 -49.6331882031114 -0.03603458064355891 0 0 0 1
357661.0 254.22601307363792 -49.626885282676795 -0.03734953561979637 0 0 0 1
357662.0 246.82667245209097 -49.649497077018864 -0.026641199962284645 0 0 0 1
357663.0 239.70796743159562 -49.713259573857876 -0.08491334081681146 0 0 0 1
357664.0 232.797190688065 -49.77703999583206 -0.09016988587423214 0 0 0 1
357665.0 225.53507558524717 -49.96838702468361 -0.11343039896236462 0 0 0 1
357666.0 218.2261681678007 -50.691131392838436 -0.12168001202432777 0 0 0 1
357667.0 211.15673286844623 -51.72548449218042 -0.1419106607528704 0 0 0 1
357668.0 203.9026486423427 -52.62097163869206 -0.1981403498550094 0 0 0 1
357669.0 195.73616415468484 -53.23597943243523 -0.10839215579669315 0 0 0 1
357670.0 186.59676816700573 -53.40724791315179 -0.13866578756463355 0 0 0 1
357671.0 176.39526980253777 -53.29165103134661 -0.15495824621801546 0 0 0 1
357672.0 165.05825809600222 -52.84561681598284 -0.19826667492287697 0 0 0 1
357673.0 152.88786223474102 -52.1832631563458 -0.27457672259831156 0 0 0 1
357674.0 140.79984552988066 -51.543466132786364 -0.28486137425705493 0 0 0 1
357675.0 129.0068969940136 -51.04511937504029 -0.3231158419095692 0 0 0 1
357676.0 117.56446827851329 -50.724390325110036 -0.34434049168622494 0 0 0 1
357677.0 106.4938667065446 -50.61505560651578 -0.3295366128147137 0 0 0 1
357678.0 95.66371229261765 -50.794954931272606 -0.30870752764823806 0 0 0 1
357679.0 85.01961666475695 -51.24588067558926 -0.2758553134759367 0 0 0 1
357680.0 74.32104494430759 -51.88666374945125 -0.21198432850775362 0 0 0 1
357681.0 63.29799566314662 -52.51499367112717 -0.16009860172950852 0 0 0 1
357682.0 52.507465873976116 -53.110680673602246 -0.12619203861895656 0 0 0 1
357683.0 42.40000337661582 -53.503975715977255 -0.11126426719636129 0 0 0 1
357684.0 33.336636773659 -53.676168324467426 -0.12931685548542227 0 0 0 1
357685.0 24.795368003656804 -53.73967279503231 -0.17635540468079824 0 0 0 1
357686.0 16.52719292520205 -53.68405116997921 -0.3003827678084958 0 0 0 1
357687.0 8.543496364874274 -53.502809467606255 -0.32540004507640186 0 0 0 1
357688.0 0.5622279091970024 -53.367329963722206 -0.3884069007447465 0 0 0 1
357689.0 -7.894355437576239 -53.29219413729683 -0.5424026475758903 0 0 0 1
357690.0 -16.807053134616016 -53.206294652417526 -0.710386033629617 0 0 0 1
357691.0 -26.206938332552426 -53.166551757656855 -0.6763545370529354 0 0 0 1
357692.0 -35.68872623839209 -53.20602091848811 -0.5493080111685948 0 0 0 1
357693.0 -45.307603277818146 -53.268203328008354 -0.3502461636023142 0 0 0 1
357694.0 -55.22732260690389 -53.37122363454752 -0.23516680114542865 0 0 0 1
357695.0 -65.36098096525397 -53.50395062417904 -0.2010694957632353 0 0 0 1
357696.0 -75.74967567560594 -53.61199828863999 -0.3019531949059697 0 0 0 1
357697.0 -86.3579634013595 -53.7352791255438 -0.41581678898472774 0 0 0 1
357698.0 -97.13880658805635 -53.88434796581528 -0.5816598104725159 0 0 0 1
357699.0 -108.07563086700443 -54.06349729101993 -0.7434816219825962 0 0 0 1
357700.0 -119.0002164284511 -54.208485672571655 -0.8912851178672412 0 0 0 1
357701.0 -129.60161067472134 -54.300295823552844 -1.0430768780053867 0 0 0 1
357702.0 -140.10958303397595 -54.344095527385946 -1.1848534099916321 0 0 0 1
357703.0 -150.71025744241388 -54.43095037316948 -1.3386099948810113 0 0 0 1
357704.0 -161.63337034488356 -54.54299822473743 -1.49634047298143 0 0 0 1
357705.0 -172.99229820671425 -54.66500758991846 -1.628040227579362 0 0 0 1
357706.0 -184.84642019494896 -54.76468128622429 -1.808705465178008 0 0 0 1
357707.0 -196.96225119652237 -54.832509609278844 -1.9783407418934758 0 0 0 1
357708.0 -208.83212703234764 -54.866713146144264 -2.136961287611868 0 0 0 1
357709.0 -220.50049327619604 -54.89213801494396 -2.334566726771939 0 0 0 1
357710.0 -231.9893083916011 -54.913134154983105 -2.483157329995862 0 0 0 1
357711.0 -243.30288652211806 -54.94103477567541 -2.6347338061979286 0 0 0 1
357712.0 -254.47989709735316 -54.95569106096067 -2.8172957194353643 0 0 0 1
357713.0 -265.6174518947553 -54.941928568084215 -2.973839859744288 0 0 0 1
357714.0 -276.7120362950004 -54.956219079835535 -3.106366101369389 0 0 0 1
357715.0 -287.553693600684 -55.12203212835263 -3.281883113522241 0 0 0 1
357716.0 -297.96534188119347 -55.559359928489854 -3.4193994440189783 0 0 0 1
357717.0 -307.9196212951145 -56.25518006647213 -3.5339185945761926 0 0 0 1
357718.0 -317.41648974296606 -56.99877951719154 -3.6514445194983978 0 0 0 1
357719.0 -326.4404586639604 -57.65224291722683 -3.7319812915232546 0 0 0 1
357720.0 -335.14389748370013 -58.07805940947159 -3.8125241724691534 0 0 0 1
357721.0 -343.524491375121 -58.34231475832334 -3.939074048869344 0 0 0 1
357722.0 -351.5636840694003 -58.701293276445945 -3.9656308889301215 0 0 0 1
357723.0 -358.93278953519075 -59.24879783232885 -3.9912136902191264 0 0 0 1
357724.0 -365.5161162601187 -60.444761600782016 -4.106827053830756 0 0 0 1
357725.0 -371.30945461831055 -62.69296209658508 -4.214469351567118 0 0 0 1
357726.0 -375.92116708382855 -66.15722604820904 -4.34116312926605 0 0 0 1
357727.0 -379.216478613442 -70.62322645092242 -4.4539194030521685 0 0 0 1
357728.0 -381.43067751632043 -76.36697826101911 -4.56772069752887 0 0 0 1
357729.0 -382.1657385316453 -83.25293384222952 -4.6625904246890855 0 0 0 1
357730.0 -382.1903002599132 -91.04153041200811 -4.6974826206879925 0 0 0 1
357731.0 -382.1263394622465 -99.74550867782972 -4.775356402121815 0 0 0 1
357732.0 -382.1383567799346 -109.4048611602203 -4.848197441770964 0 0 0 1
357733.0 -382.33456176868134 -119.37567055253434 -4.999006964056036 0 0 0 1
357734.0 -382.8966145331097 -129.26731592081939 -5.043780470952868 0 0 0 1
357735.0 -383.8598656803882 -139.43817232365097 -5.191508272075396 0 0 0 1
357736.0 -385.0450318598909 -149.38073377523398 -5.347211620069658 0 0 0 1
357737.0 -386.2140374064214 -159.55035636295878 -5.38889457524769 0 0 0 1
357738.0 -387.194500209437 -170.09241909260578 -5.467562694894639 0 0 0 1
357739.0 -387.78835947432043 -180.79483949780155 -5.590232329320372 0 0 0 1
357740.0 -387.9670608606994 -191.1898240772905 -5.684918552219642 0 0 0 1
357741.0 -387.90800215033244 -201.5019402420578 -5.781604983578831 0 0 0 1
357742.0 -387.9993503818909 -211.81441542818243 -5.894265558855608 0 0 0 1
357743.0 -388.61341611177477 -222.12346181632384 -5.9568776336198255 0 0 0 1
357744.0 -389.47904211753735 -232.35089109702656 -6.072460553286817 0 0 0 1
357745.0 -390.5116435397533 -242.2415363042391 -6.174029493334757 0 0 0 1
357746.0 -391.56694830135484 -251.8278288276074 -6.291593554089445 0 0 0 1
357747.0 -392.54171038608024 -261.5850944080882 -6.394141021051922 0 0 0 1
357748.0 -393.2835647190787 -271.79651636686606 -6.454668527275061 0 0 0 1
357749.0 -393.9038856593919 -282.45763440373764 -6.552167268618547 0 0 0 1
357750.0 -394.4608177149475 -293.4622925520929 -6.630636299670982 0 0 0 1
357751.0 -394.9386262472959 -304.6292237576474 -6.747083489061453 0 0 0 1
357752.0 -395.411605633667 -315.50170852880933 -6.802525967286641 0 0 0 1
357753.0 -395.9322418955296 -326.14130574791886 -6.885958824797115 0 0 0 1
357754.0 -396.46166644210143 -336.5850958416379 -6.99138368573594 0 0 0 1
357755.0 -397.0167103587223 -346.6868054463285 -7.07380840264625 0 0 0 1
357756.0 -397.59835646222655 -356.44921579240656 -7.235234373785801 0 0 0 1
357757.0 -398.17688356961736 -365.85321247107277 -7.282666110709357 0 0 0 1
357758.0 -398.7869139520683 -374.9082088626857 -7.391102468626627 0 0 0 1
357759.0 -399.36780740730876 -383.45036826626244 -7.287558580479697 0 0 0 1
357760.0 -399.9303963325074 -390.87389998220783 -7.332072954237361 0 0 0 1
357761.0 -400.4442596597131 -397.3013633173474 -7.544643788858082 0 0 0 1
357762.0 -400.85047589475 -403.17333015653213 -7.6442500110426295 0 0 0 1
357763.0 -401.13018476334224 -408.53983346145236 -7.425891163777862 0 0 0 1
357764.0 -401.41321182869774 -413.5344120921976 -7.606551688301437 0 0 0 1
357765.0 -401.62949685945523 -418.02364492626725 -7.629245623945735 0 0 0 1
357766.0 -401.85060908335606 -422.0597050940258 -7.652966069130457 0 0 0 1
357767.0 -402.06218825285936 -425.7100500222628 -7.651710291871353 0 0 0 1
357768.0 -402.2389130513476 -428.5041437521249 -7.66451216022395 0 0 0 1
357769.0 -402.3625233055193 -430.14921857543584 -7.650393693544828 0 0 0 1
357770.0 -402.44249729443163 -431.3458951259808 -7.685307879612168 0 0 0 1
357771.0 -402.49675472083567 -432.400385601669 -7.507233100836999 0 0 0 1
357772.0 -402.6104218559294 -433.47727077271014 -7.686152865033591 0 0 0 1
357773.0 -402.6830557098973 -434.3882791918352 -7.703086334552893 0 0 0 1
357774.0 -402.6969400632658 -434.5188183814789 -7.683076568939299 0 0 0 1
357775.0 -402.6954000762778 -434.5134311923937 -7.6950770335323 0 0 0 1
357776.0 -402.69527927828165 -434.5116555730508 -7.712077161425839 0 0 0 1
357777.0 -402.69762885982055 -434.50928261725403 -7.7000771743357745 0 0 0 1
357778.0 -402.68988928236126 -434.5134875085929 -7.679077379696366 0 0 0 1
357779.0 -402.694037219988 -434.5078612593352 -7.703077498880418 0 0 0 1
357780.0 -402.6973397934694 -434.51414163874756 -7.690076862354772 0 0 0 1
357781.0 -402.69849328358464 -434.51175072033124 -7.697076951910532 0 0 0 1
357782.0 -402.6976178399158 -434.51080021347207 -7.7020770714030675 0 0 0 1
357783.0 -402.697994604232 -434.5100893145368 -7.699077097913317 0 0 0 1
357784.0 -402.6935935463855 -434.5072943231538 -7.6990775669816855 0 0 0 1
357785.0 -402.69504531549194 -434.50884017720534 -7.692077369136854 0 0 0 1
357786.0 -402.6954674437678 -434.506411153213 -7.704077508356818 0 0 0 1
357787.0 -402.69524513419447 -434.5100314438069 -7.697077274645579 0 0 0 1
357788.0 -402.6978396203417 -434.5124810893924 -7.704076944250346 0 0 0 1
357789.0 -402.6973078464065 -434.50672830136125 -7.706077369546222 0 0 0 1
357790.0 -402.694203130475 -434.50626649561434 -7.6960775968199755 0 0 0 1
357791.0 -402.6968422662823 -434.50743905966146 -7.707077350827234 0 0 0 1
357792.0 -402.69667644967296 -434.50825595339245 -7.715077304921863 0 0 0 1
357793.0 -402.69455852379156 -434.5061615453984 -7.706077581767346 0 0 0 1
357794.0 -402.6954563141065 -434.51070435708505 -7.706077216044065 0 0 0 1
357795.0 -402.69460218330545 -434.51217328633606 -7.69907717066468 0 0 0 1
357796.0 -402.69419295203465 -434.50733357958245 -7.711077525993687 0 0 0 1
357797.0 -402.6924297453027 -434.5093210978885 -7.704077502191524 0 0 0 1
357798.0 -402.69380349663214 -434.510165367818 -7.69007735782364 0 0 0 1
357799.0 -402.6938824813599 -434.5072950836508 -7.710077547986089 0 0 0 1
357800.0 -402.69144303362623 -434.50740969022354 -7.7020776943912495 0 0 0 1
357801.0 -402.6959662479743 -434.51448856091326 -7.708076926350799 0 0 0 1
357802.0 -402.69247399217585 -434.5117509556784 -7.704077333914995 0 0 0 1
357803.0 -402.6952796375541 -434.50743954151983 -7.715077449542463 0 0 0 1
357804.0 -402.70015807560264 -434.51228106067697 -7.727076811160629 0 0 0 1
357805.0 -402.6968087615553 -434.51202018323784 -7.706077041241315 0 0 0 1
357806.0 -402.69653295015615 -434.50862158606856 -7.725077289898394 0 0 0 1
357807.0 -402.69744051842355 -434.5157370253717 -7.706076747150291 0 0 0 1
357808.0 -402.6993821762577 -434.51231958123935 -7.729076856777709 0 0 0 1
357809.0 -402.69485724398896 -434.50856205631464 -7.698077399946527 0 0 0 1
357810.0 -402.67160688329506 -434.5483763802994 -7.503076162550087 0 0 0 1
357811.0 -402.720927607578 -435.144539063784 -7.511032426442426 0 0 0 1
357812.0 -402.9216454869757 -436.9723499285218 -7.6918948432425225 0 0 0 1
357813.0 -403.30606197839086 -439.59062030689336 -7.720690684463278 0 0 0 1
357814.0 -404.1788259671116 -443.0835901225346 -7.71839372112774 0 0 0 1
357815.0 -405.84760960032054 -447.29688245483794 -7.778993483045326 0 0 0 1
357816.0 -408.0069266138803 -451.2236147846598 -7.803578798793012 0 0 0 1
357817.0 -410.9561700237116 -454.8904841572554 -7.845128428149451 0 0 0 1
357818.0 -414.8891924587611 -457.9143072442488 -7.845656559834566 0 0 0 1
357819.0 -419.69552419746515 -459.964173600334 -7.631193430692946 0 0 0 1
357820.0 -425.7022572650408 -461.0470855423414 -7.831715579374304 0 0 0 1
357821.0 -432.85825013214003 -461.45947297631665 -7.774202156752807 0 0 0 1
357822.0 -440.98175450029834 -461.63364838031276 -7.688630778644296 0 0 0 1
357823.0 -449.36369218100975 -461.7041785711226 -7.6290382235092125 0 0 0 1
357824.0 -457.9071973497155 -461.7829366698603 -7.565422367509996 0 0 0 1
357825.0 -466.7904902226011 -461.84576559016625 -7.491771210533784 0 0 0 1
357826.0 -475.97521546752955 -461.8946734885774 -7.443086055283345 0 0 0 1
357827.0 -485.46249678329684 -461.983247474727 -7.355361633135175 0 0 0 1
357828.0 -495.2514658690046 -462.0808463580828 -7.310598870075239 0 0 0 1
357829.0 -505.3192172759829 -462.109170037741 -7.104803860959493 0 0 0 1
357830.0 -515.7990480532296 -462.23042712110555 -7.219952717400361 0 0 0 1
357831.0 -526.5708982716409 -462.336733632172 -7.073061161426182 0 0 0 1
357832.0 -537.5556951147222 -462.4171124858209 -6.985135196958595 0 0 0 1
357833.0 -548.6176722326736 -462.69527366206813 -6.861169235557156 0 0 0 1
357834.0 -559.687371274512 -463.23702215846214 -6.814164195501462 0 0 0 1
357835.0 -570.5656001702203 -463.7491985498692 -6.727159167067299 0 0 0 1
357836.0 -581.1655778501809 -464.22251116669713 -6.726163760468552 0 0 0 1
357837.0 -591.5532761702937 -464.6766710315534 -6.682171795710758 0 0 0 1
357838.0 -601.5698826206294 -465.0535211807817 -6.522203598963131 0 0 0 1
357839.0 -611.3599812691708 -465.3026790886229 -6.455250697797339 0 0 0 1
357840.0 -620.8750148992301 -465.4529475658471 -6.373316802431361 0 0 0 1
357841.0 -630.1037908014694 -465.5461285630597 -6.337401217493152 0 0 0 1
357842.0 -639.081155790106 -465.58790360087755 -6.270501269760359 0 0 0 1
357843.0 -648.0654167506301 -465.6100859680146 -6.202589361432956 0 0 0 1
357844.0 -657.4528158613066 -465.6045026784219 -6.169625055114693 0 0 0 1
357845.0 -667.1514011295026 -465.5407401618676 -6.012618440501797 0 0 0 1
357846.0 -677.1291580626694 -465.5382291191702 -6.012562796815303 0 0 0 1
357847.0 -687.3473748163829 -465.53702933285786 -5.940465367797003 0 0 0 1
357848.0 -697.5139603094124 -465.6129799155119 -5.870351542861954 0 0 0 1
357849.0 -707.4690974957625 -465.71254689744194 -5.778243277892216 0 0 0 1
357850.0 -717.1536159282667 -465.79008111171663 -5.709151575478529 0 0 0 1
357851.0 -726.544072567757 -465.82763271921664 -5.690081667575953 0 0 0 1
357852.0 -735.6755873277759 -465.86858969939874 -5.633027623710518 0 0 0 1
357853.0 -744.5989307362189 -465.88887989460966 -5.593986364698026 0 0 0 1
357854.0 -753.3841219789387 -465.8883811071136 -5.5689504780326615 0 0 0 1
357855.0 -762.5871898699208 -465.8958330490125 -5.536851702953868 0 0 0 1
357856.0 -772.3440101236125 -465.89487437687 -5.35067289756239 0 0 0 1
357857.0 -782.3269562155408 -465.94615549465277 -5.3064474468790195 0 0 0 1
357858.0 -792.3852321626891 -466.07610624897126 -5.203191165144176 0 0 0 1
357859.0 -802.8490685929522 -466.250429243231 -5.11186446466877 0 0 0 1
357860.0 -813.5427598695861 -466.4394848096468 -5.0014900098701105 0 0 0 1
357861.0 -824.2274203197162 -466.61246467774254 -4.923099893149299 0 0 0 1
357862.0 -834.9663535355777 -466.6702128376604 -4.859693089322491 0 0 0 1
357863.0 -845.7445613765581 -466.67169632300147 -4.756267012682827 0 0 0 1
357864.0 -856.6025363598319 -466.71195008327834 -4.6908090544503125 0 0 0 1
357865.0 -867.5322685305616 -466.81947774078094 -4.628317818727282 0 0 0 1
357866.0 -878.5374463534087 -466.9497404434318 -4.531795674703005 0 0 0 1
357867.0 -889.6357841662275 -467.07335354233 -4.464241900318882 0 0 0 1
357868.0 -900.8090299679706 -467.1036111373282 -4.367664939186852 0 0 0 1
357869.0 -912.0099268497285 -467.09501993634456 -4.280067197045469 0 0 0 1
357870.0 -923.2254071165388 -467.0722074401417 -4.227448625421232 0 0 0 1
357871.0 -934.4387162186213 -467.08820350878153 -4.124807727040547 0 0 0 1
357872.0 -945.6547800878197 -467.0972295289239 -4.0601471367174895 0 0 0 1
357873.0 -956.770568384092 -467.1444969466771 -3.9944790451505696 0 0 0 1
357874.0 -967.6331823707334 -467.3180226844281 -3.8808208322639643 0 0 0 1
357875.0 -978.213078597689 -467.6956495662513 -3.8201726366108915 0 0 0 1
357876.0 -988.4580135908343 -468.2462767264917 -3.6925462406304064 0 0 0 1
357877.0 -998.4355981956975 -468.84794924026687 -3.658941556161608 0 0 0 1
357878.0 -1008.1015912006412 -469.4646283483778 -3.5873694961998694 0 0 0 1
357879.0 -1017.4921477159436 -469.96706912488946 -3.5348352095105042 0 0 0 1
357880.0 -1026.600607045197 -470.42166553615124 -3.4623361235697985 0 0 0 1
357881.0 -1035.4883165147885 -470.8298883556568 -3.35286335576734 0 0 0 1
357882.0 -1044.192158426485 -471.323657693595 -3.3034020397200266 0 0 0 1
357883.0 -1052.6864288928095 -471.99100352567393 -3.229950662042768 0 0 0 1
357884.0 -1060.9508527770624 -472.6686660834074 -3.1645254875896285 0 0 0 1
357885.0 -1068.597187455382 -473.20319029573614 -3.0792041125587275 0 0 0 1
357886.0 -1075.167244116727 -473.60572060261916 -3.0290655545115897 0 0 0 1
357887.0 -1081.3343402832722 -474.19688276080467 -3.000974779722924 0 0 0 1
357888.0 -1087.105558489598 -475.55172077850375 -2.9388888827442656 0 0 0 1
357889.0 -1092.3419421017138 -477.80720919443195 -2.920822105729883 0 0 0 1
357890.0 -1096.8379749740084 -480.87514598877976 -2.9098169527975415 0 0 0 1
357891.0 -1100.4888467730716 -484.5513914682841 -2.968907484400404 0 0 0 1
357892.0 -1103.5133242348675 -489.06299561883975 -3.0010387102543064 0 0 0 1
357893.0 -1105.9778592905375 -494.7431933100453 -3.04817237031898 0 0 0 1
357894.0 -1107.7156967347476 -501.0806086123172 -3.1193752366083913 0 0 0 1
357895.0 -1108.979188088692 -508.0343835776205 -3.2086051493106993 0 0 0 1
357896.0 -1109.9660818436955 -515.7054209471745 -3.2608176735236043 0 0 0 1
357897.0 -1110.4776355213373 -524.147628183134 -3.347040673650895 0 0 0 1
357898.0 -1110.5182304412665 -533.2640002084016 -3.4002785412160392 0 0 0 1
357899.0 -1110.3790050937098 -542.6942946944048 -3.4345081492332383 0 0 0 1
357900.0 -1110.3822446300155 -551.8840562200123 -3.4977197200211663 0 0 0 1
357901.0 -1110.5067357971575 -561.2445100247608 -3.548881856356104 0 0 0 1
357902.0 -1110.624936103177 -571.1636841702184 -3.594981400872939 0 0 0 1
357903.0 -1110.7010688707217 -580.8937298771957 -3.658090099950357 0 0 0 1
357904.0 -1110.7521364946772 -590.4654012955991 -3.7242030011829 0 0 0 1
357905.0 -1110.7491455897136 -600.0146583553251 -3.7513131104181525 0 0 0 1
357906.0 -1110.6276360151692 -609.5815208351951 -3.8454279783083507 0 0 0 1
357907.0 -1110.2306265633742 -618.9437773125683 -3.8555965072539493 0 0 0 1
357908.0 -1109.6411689959787 -627.9838133727317 -3.901816608639251 0 0 0 1
357909.0 -1108.8990718223536 -637.0295550833084 -3.9540499363769754 0 0 0 1
357910.0 -1107.986256388523 -646.1950954835389 -4.003288015164742 0 0 0 1
357911.0 -1107.0302505350353 -655.2083697736397 -3.98553595874489 0 0 0 1
357912.0 -1106.086232748134 -664.4506973546709 -4.050745109272725 0 0 0 1
357913.0 -1105.3017651351809 -673.7467721415671 -4.114907303162852 0 0 0 1
357914.0 -1104.8377115604303 -682.7467849981001 -4.146031810047987 0 0 0 1
357915.0 -1104.6442006689826 -691.379626152971 -4.205136327443256 0 0 0 1
357916.0 -1104.2204834822203 -699.5523480957086 -4.299319628745138 0 0 0 1
357917.0 -1103.0170860446938 -706.9647942312074 -4.346712121969631 0 0 0 1
357918.0 -1100.690812536047 -713.1503419598112 -4.453427640608311 0 0 0 1
357919.0 -1097.3061488616604 -718.1962794009341 -4.503447556108199 0 0 0 1
357920.0 -1093.187536160125 -722.2358557628083 -4.583701975753797 0 0 0 1
357921.0 -1088.1153260242133 -725.6323964209213 -4.698187725118885 0 0 0 1
357922.0 -1081.8561564847896 -728.410670902596 -4.720940468139986 0 0 0 1
357923.0 -1074.6070180515135 -730.7352671279732 -4.792905346846794 0 0 0 1
357924.0 -1066.606710557369 -732.3386026747615 -4.90907006854701 0 0 0 1
357925.0 -1058.2210543693727 -733.269933912426 -5.038365751098411 0 0 0 1
357926.0 -1049.3577735005547 -733.8164697201249 -5.122773394426247 0 0 0 1
357927.0 -1039.8391970957523 -734.192340773644 -5.282295565250024 0 0 0 1
357928.0 -1029.7036264378837 -734.528817597949 -5.430908034127981 0 0 0 1
357929.0 -1019.1035751594956 -734.8658701186234 -5.60257878507872 0 0 0 1
357930.0 -1008.1430734118587 -735.1492351459037 -5.76629523097256 0 0 0 1
357931.0 -997.1596370102661 -735.3376243455399 -5.9090072917509815 0 0 0 1
357932.0 -986.5248582653412 -735.4175380316618 -6.015658710892353 0 0 0 1
357933.0 -976.1101408817178 -735.4602491216576 -6.129262795621628 0 0 0 1
357934.0 -965.5435383706359 -735.5272935016937 -6.289870091078171 0 0 0 1
357935.0 -954.7326816401023 -735.5816382059927 -6.408497989435148 0 0 0 1
357936.0 -943.7422737002687 -735.5685013444104 -6.640141941892523 0 0 0 1
357937.0 -932.6672347003908 -735.5280145023781 -6.78978245742627 0 0 0 1
357938.0 -921.4837241333995 -735.4799284639055 -6.90242027443162 0 0 0 1
357939.0 -910.4245010109353 -735.4893498058084 -6.980013960595727 0 0 0 1
357940.0 -899.6306334596109 -735.468599556049 -7.121554290513018 0 0 0 1
357941.0 -889.0980703250493 -735.4981366409202 -7.255033914380874 0 0 0 1
357942.0 -878.7983504822791 -735.5585631161453 -7.427460304299132 0 0 0 1
357943.0 -868.7104278776053 -735.6181481349547 -7.5088411250399645 0 0 0 1
357944.0 -858.8196146963204 -735.6755655422594 -7.668179526808103 0 0 0 1
357945.0 -849.0032346035933 -735.6657343569141 -7.807500328567357 0 0 0 1
357946.0 -839.2697201299883 -735.6428343375969 -7.923796516971436 0 0 0 1
357947.0 -829.6494052217913 -735.5913093418226 -8.027066300889715 0 0 0 1
357948.0 -820.1797726712107 -735.5498232881232 -8.143300904123464 0 0 0 1
357949.0 -811.0340013778343 -735.5212149554166 -8.301478561817078 0 0 0 1
357950.0 -802.2075372952318 -735.5017104274755 -8.343601682274482 0 0 0 1
357951.0 -793.7146058682308 -735.4514712146803 -8.437674408596706 0 0 0 1
357952.0 -785.6192313686843 -735.3907124360071 -8.524687832429493 0 0 0 1
357953.0 -777.9777293538991 -735.4957759604092 -8.59761626238543 0 0 0 1
357954.0 -770.7215412169488 -736.0109983137254 -8.681441477215458 0 0 0 1
357955.0 -763.8663672513826 -737.222670515363 -8.774129756631396 0 0 0 1
357956.0 -756.9881365850856 -739.4573295773953 -8.91569473950318 0 0 0 1
357957.0 -750.4682222541757 -742.8784881139775 -9.030071202515956 0 0 0 1
357958.0 -745.1032096370313 -747.5472848725149 -9.127157788323586 0 0 0 1
357959.0 -741.4399181495698 -753.5057998163886 -9.236885912550974 0 0 0 1
357960.0 -739.7490607315344 -760.7666581191177 -9.308221883088777 0 0 0 1
357961.0 -739.1152033785067 -768.75276530133 -9.376338941845916 0 0 0 1
357962.0 -738.7432825859216 -777.2387322326697 -9.568354646024318 0 0 0 1
357963.0 -738.371250687324 -786.4423275132743 -9.690270693132334 0 0 0 1
357964.0 -737.941372529426 -796.5155045171598 -9.86307172735826 0 0 0 1
357965.0 -737.4017413474195 -807.5283376206667 -10.041750785531292 0 0 0 1
357966.0 -736.7683807285051 -818.9092909132519 -10.202374456226266 0 0 0 1
357967.0 -736.1433175929782 -830.5857454920053 -10.513938375102839 0 0 0 1
357968.0 -735.5431351585219 -842.721288683536 -10.698417402887515 0 0 0 1
357969.0 -734.9149402105404 -855.3963252171311 -10.905804277593916 0 0 0 1
357970.0 -734.2656823409329 -868.5609659085707 -11.106101760526485 0 0 0 1
357971.0 -733.6161113505672 -881.7282691728232 -11.327371698001969 0 0 0 1
357972.0 -732.9328010696007 -894.6309763933206 -11.556655388715 0 0 0 1
357973.0 -732.2496722252624 -907.8038828261314 -11.765874488114548 0 0 0 1
357974.0 -731.5462523743697 -921.2426601687936 -11.991030304070307 0 0 0 1
357975.0 -730.8472741869514 -934.4855871166117 -12.181185914625758 0 0 0 1
357976.0 -730.1210954724697 -947.4541214757371 -12.248357831208978 0 0 0 1
357977.0 -729.3656411043032 -960.0990345387748 -12.224555359148212 0 0 0 1
357978.0 -728.5835144826522 -972.4814085991668 -12.03477080594132 0 0 0 1
357979.0 -727.8264718433192 -984.5676403155476 -11.79700494577969 0 0 0 1
357980.0 -727.1445495253893 -996.2170218790536 -11.529275700333244 0 0 0 1
357981.0 -726.5469871105915 -1007.3626035136956 -11.304594998979837 0 0 0 1
357982.0 -725.977891607632 -1017.9961830808352 -11.031973191191184 0 0 0 1
357983.0 -725.355564723496 -1028.1216975910484 -10.754421548545906 0 0 0 1
357984.0 -724.6719644143187 -1037.8551945877225 -10.515924521195188 0 0 0 1
357985.0 -723.9754777512144 -1047.0888533847071 -10.281496054831166 0 0 0 1
357986.0 -723.2328557687714 -1055.9803778672917 -10.06111601055892 0 0 0 1
357987.0 -722.4192931528746 -1064.6158051157606 -9.870774282247282 0 0 0 1
