0.0 -2.160043854955433 2.8779100540560276 7.693574374177069 0 0 0 1
1.0 8.823807686831314 2.6064524846271566 -15.48996210175925 0 0 0 1
2.0 27.143323051220925 -4.3713220329204 7.806550208372176 0 0 0 1
3.0 42.51805455599731 10.0010410517896 5.875640345092446 0 0 0 1
4.0 64.14842761349688 21.583714418000387 0.44164214835673477 0 0 0 1
5.0 73.94244616216925 20.971386704030554 -0.8412835978828497 0 0 0 1
6.0 77.77045400720141 46.82987041211467 0.12782282274284285 0 0 0 1
7.0 83.99373662609335 49.50064822529531 3.8923049864919648 0 0 0 1
8.0 86.4139220438136 73.03179220863251 -0.9020712611916579 0 0 0 1
9.0 104.27471197429637 81.14693699791965 -1.876911223726161 0 0 0 1
10.0 94.53236190725903 89.56072262712226 -2.735965645384745 0 0 0 1
11.0 91.33844992884242 104.43189524760862 -6.1780092897964565 0 0 0 1
12.0 97.4467726055677 125.67534383957151 -1.3639855080575671 0 0 0 1
13.0 83.17098710907484 125.48391316901458 7.787984796012296 0 0 0 1
14.0 81.20895589268179 152.5981007714786 -7.668378018752179 0 0 0 1
15.0 66.32541290635032 162.4912574400954 12.44556317374774 0 0 0 1
16.0 64.18138954372368 172.3622672333937 2.548606861712294 0 0 0 1
17.0 48.39991417347045 175.01654738768997 16.425053476485942 0 0 0 1
18.0 37.449603826859665 181.74316893663377 5.21449705756879 0 0 0 1
19.0 18.793805925757333 197.76013287509488 16.31796965511871 0 0 0 1
20.0 8.09009426066281 188.1461430358419 4.950616637153828 0 0 0 1
21.0 -17.97150219121698 182.71834239070105 -5.841009026852182 0 0 0 1
22.0 -30.355548039940253 186.2475945456597 8.624894942867877 0 0 0 1
23.0 -41.611557445861244 166.79204984773463 -11.372056297256496 0 0 0 1
24.0 -55.788483634392286 172.44806242410192 5.922267795671367 0 0 0 1
25.0 -57.291037263568526 160.79700319494526 -4.943786442006996 0 0 0 1
26.0 -72.60342039942785 136.84990819706562 -4.413689587838778 0 0 0 1
27.0 -78.71785134566034 143.41010459464584 6.394254292757736 0 0 0 1
28.0 -82.57475187469021 123.25254654400189 9.174821118902145 0 0 0 1
29.0 -93.06251199476188 102.36153896355468 4.299756478538079 0 0 0 1
30.0 -91.24938868502527 104.90550217138772 -2.1766025772923783 0 0 0 1
31.0 -88.11516577652134 86.43841284305654 13.713394838911533 0 0 0 1
32.0 -90.31354080090212 67.92882740423448 0.8377963073223142 0 0 0 1
33.0 -77.1912527699411 58.9634608207154 -1.5338752995033431 0 0 0 1
34.0 -71.67610993813048 40.411073269772935 8.193518370003833 0 0 0 1
35.0 -67.85382046730388 23.96190097068606 -9.329304840409115 0 0 0 1
36.0 -57.4135605895221 35.495567303048546 3.17414817014431 0 0 0 1
37.0 -38.225417782725714 14.715469824099959 -0.2035459036456011 0 0 0 1
38.0 -29.279742175865735 3.3672169317335667 -4.238411592515275 0 0 0 1
39.0 -19.174309608022895 3.8310034634211565 3.5811760009242626 0 0 0 1
40.0 4.509818426225475 -2.5629207369190867 7.655294081072375 0 0 0 1
41.0 6.358355904900974 5.664828656379041 8.695334620779775 0 0 0 1
42.0 35.3547783531675 0.76855600617123 -2.7957095743008047 0 0 0 1
43.0 41.47366365275617 8.570792254634569 -3.9359850687753806 0 0 0 1
44.0 56.942608331787014 18.017304808560436 10.551750667018702 0 0 0 1
45.0 70.80082453211377 32.48557485206382 -12.790175132845615 0 0 0 1
46.0 81.29685905783849 38.814962833426705 -5.184412219709909 0 0 0 1
47.0 86.0299588917294 59.870508206859164 4.504346714856361 0 0 0 1
48.0 92.63825050978781 66.59899732140941 0.13784688558580882 0 0 0 1
49.0 96.16654295987678 79.75487908728661 6.02587191089107 0 0 0 1
50.0 92.56963497614893 103.10777220774209 -10.695973399469445 0 0 0 1
51.0 95.3213847028581 95.50961226516264 12.005007643585436 0 0 0 1
52.0 85.08822057440292 118.93266684525474 2.8334338166801203 0 0 0 1
53.0 89.90785619355185 137.24521084221306 -9.326025424456226 0 0 0 1
54.0 81.96895308041537 150.02987869720317 -11.802272139169524 0 0 0 1
55.0 66.25955689850872 161.69366509308543 -0.2769782763363473 0 0 0 1
56.0 56.1679188613153 167.35803366938558 2.5287125854881083 0 0 0 1
57.0 50.969608737464156 175.29668789188986 0.7083416963000069 0 0 0 1
58.0 37.661124977635104 181.71648528101275 2.749568296009871 0 0 0 1
59.0 7.793116052359672 181.92190745803813 -9.565623087406205 0 0 0 1
60.0 11.499008069043336 188.89865234135237 -6.023307903328884 0 0 0 1
61.0 -12.990457009895557 195.02528255206224 6.439466647839522 0 0 0 1
62.0 -25.429778156634633 181.77790308137074 5.6067682296385115 0 0 0 1
63.0 -46.65397282976049 179.29072925835052 4.755657471556926 0 0 0 1
64.0 -55.617617723860995 168.5712534376919 -6.501983230574066 0 0 0 1
65.0 -62.07781486255326 161.61022315204562 4.370148910245497 0 0 0 1
66.0 -76.26421149264664 148.8674961007585 2.3478607913647274 0 0 0 1
67.0 -73.67387903726144 141.9716711755048 4.9215405774423076 0 0 0 1
68.0 -83.00236953388246 119.18720740367804 -4.679430579947081 0 0 0 1
69.0 -93.1423734104886 112.32507464341461 -9.0392041870684 0 0 0 1
70.0 -95.74459414232898 94.51331889118298 1.4703934450197096 0 0 0 1
71.0 -96.91455962565595 78.28056903906527 -6.883768949233023 0 0 0 1
72.0 -88.77604744078067 59.9844119086871 2.8230069823437702 0 0 0 1
73.0 -92.93044127620212 50.577806734486 2.588726254540127 0 0 0 1
74.0 -78.6130021601967 38.38677066659791 -5.290700169563927 0 0 0 1
75.0 -67.38611588955116 30.26169411366219 2.165593898257171 0 0 0 1
76.0 -53.20030292937291 25.29696491725802 -4.758139751453662 0 0 0 1
77.0 -42.62453936430347 6.417358925787873 5.002953541833179 0 0 0 1
78.0 -28.86777614368073 1.2227559512064845 0.32161469241479956 0 0 0 1
79.0 -15.927523187499958 4.359676676815296 -1.3381975325555606 0 0 0 1
80.0 -3.044532877137089 11.472534167317004 -1.1488740720041195 0 0 0 1
81.0 15.010273745088089 -1.1044127911288437 -3.161089741943414 0 0 0 1
82.0 25.72596828129968 5.529126049714973 -4.125790831552603 0 0 0 1
83.0 44.77978925865806 8.686807635331753 3.741523907635994 0 0 0 1
84.0 48.99053237628294 19.07654232388178 -6.811828393748403 0 0 0 1
85.0 69.91199272540877 27.540711172268626 2.433145858940083 0 0 0 1
86.0 77.1387806717832 39.320088704586766 12.048335421846119 0 0 0 1
87.0 87.1259195851329 55.294045808418645 -8.96590933848968 0 0 0 1
88.0 87.54952281010327 69.25048868720287 -6.540356585912569 0 0 0 1
89.0 87.7400979029338 84.8349391634369 -3.6630617438215936 0 0 0 1
90.0 96.19358432100469 104.3856890036815 4.384626057341002 0 0 0 1
91.0 92.22915287192248 111.30128831693698 8.703804674838672 0 0 0 1
92.0 85.39770775114076 123.52846605284012 3.7892291628069614 0 0 0 1
93.0 88.56110074939863 135.43870922652317 -6.680157753326668 0 0 0 1
94.0 75.40639656219925 151.24643862082058 3.011893393595656 0 0 0 1
95.0 79.68783202580408 167.0350204585891 3.330069751198913 0 0 0 1
96.0 57.56044921846496 167.3200051460696 3.385323224322164 0 0 0 1
97.0 47.715519034465075 183.74097980947238 -6.240197420238729 0 0 0 1
98.0 28.23116832273654 180.1002986592154 -5.8888981861542025 0 0 0 1
99.0 15.664357123251886 190.2052964405753 8.253009526263696 0 0 0 1
100.0 -3.679553430127571 195.43475584921782 -8.121508207041055 0 0 0 1
101.0 -14.10928813563988 197.35566642414892 10.9722853874136 0 0 0 1
102.0 -25.809108232630052 184.11579066088782 -6.0992087272254025 0 0 0 1
103.0 -39.51080899793011 181.1496817121462 3.9418033914819652 0 0 0 1
104.0 -55.55738815434787 173.50277293012212 -4.569501555193693 0 0 0 1
105.0 -64.33081843899257 174.60755082991557 -2.2980356879057524 0 0 0 1
106.0 -77.44743009292047 154.00385628493675 4.848149610177284 0 0 0 1
107.0 -80.65628597227203 131.8844837456979 6.647017421020802 0 0 0 1
108.0 -83.56084339325409 126.13581641493158 17.72004377636561 0 0 0 1
109.0 -92.75450076419955 101.81842427971878 9.093102611691698 0 0 0 1
110.0 -93.11960886356148 97.02692088780478 6.561255991158035 0 0 0 1
111.0 -96.69326750652138 73.17930788234565 2.3265707388844277 0 0 0 1
112.0 -91.1843683835463 65.4097821136069 -14.639902862794898 0 0 0 1
113.0 -83.04407834287314 51.56803380332164 9.042558579982654 0 0 0 1
114.0 -85.90084071248639 33.94190206652975 6.30570714069961 0 0 0 1
115.0 -73.6688394719848 34.913068580763394 0.9208196530373769 0 0 0 1
116.0 -51.46137044524313 19.47776888187895 -2.9251994106039376 0 0 0 1
117.0 -36.25617922966484 7.288446775969504 1.5166409574852047 0 0 0 1
118.0 -27.97633928021262 7.671410902996084 5.874229195728346 0 0 0 1
119.0 -10.647921501038734 -0.0492526018746835 -6.404140505816363 0 0 0 1
120.0 0.1714472289356629 -0.46565613262399 1.6712594303742863 0 0 0 1
121.0 8.686274626797351 2.2319155037228136 11.492315751066348 0 0 0 1
122.0 30.15364781184759 8.003436825458083 -1.8965746562098964 0 0 0 1
123.0 35.6230115014462 2.8729932806414915 -0.3620347923851295 0 0 0 1
124.0 46.37221519273571 17.474252339731095 -8.201797582350414 0 0 0 1
125.0 66.21765283961398 17.58995219452376 -17.855759478720355 0 0 0 1
126.0 74.32771012202147 40.61386906046549 -1.679273045181624 0 0 0 1
127.0 97.10752113714233 47.999392112779404 7.60030655995493 0 0 0 1
128.0 85.27892186177948 60.70300802611994 2.6218316523082947 0 0 0 1
129.0 93.63908926501425 79.25704873825806 -1.0659182972694907 0 0 0 1
130.0 97.98578331889831 95.24697663187118 -7.3714254514916675 0 0 0 1
131.0 100.81881242938942 113.43570788081908 -1.6517912794349172 0 0 0 1
132.0 96.499083681712 138.92432384184048 2.3848327843129695 0 0 0 1
133.0 91.20714315409784 135.7073750188295 7.0848224670187605 0 0 0 1
134.0 85.82949631541689 159.04724508058902 14.431032246887412 0 0 0 1
135.0 68.9548205132072 162.5316267104355 0.6319696980791427 0 0 0 1
136.0 57.61317505019949 167.05503510998614 3.556748257344786 0 0 0 1
137.0 46.42792516363168 181.03797321458825 1.5639267930415564 0 0 0 1
138.0 42.20789520759409 180.1796683247435 5.1389837135044765 0 0 0 1
139.0 12.843434331752857 188.3049054893114 20.214642496365286 0 0 0 1
140.0 4.206908279470277 186.59936057105466 -4.924852432032393 0 0 0 1
141.0 -15.033873865013454 196.7321329651224 4.706580114007663 0 0 0 1
142.0 -22.8590199413095 186.65979175361412 1.5938707136823638 0 0 0 1
143.0 -45.03297708879717 183.00417187401706 5.295199753950101 0 0 0 1
144.0 -52.85848503673512 176.89900951922857 -1.2118464601093208 0 0 0 1
145.0 -65.51962272357709 156.7720183167882 6.6479396137804585 0 0 0 1
146.0 -72.58827786583112 148.21845577069948 5.348587528877861 0 0 0 1
147.0 -75.12071544008492 138.37397144046082 -7.1302458594269496 0 0 0 1
148.0 -95.18702414618204 120.93902481309564 16.08187032208788 0 0 0 1
149.0 -87.22182846179194 118.69869685838648 3.384288858307322 0 0 0 1
150.0 -91.31156418223895 101.24348366538916 9.47576825273805 0 0 0 1
151.0 -97.21030188646516 72.40014970408075 1.9597803413694521 0 0 0 1
152.0 -89.72997291022415 68.09861846416513 5.538105734390818 0 0 0 1
153.0 -81.74247283690217 53.77586274548605 0.27218717975158313 0 0 0 1
154.0 -83.39111747795117 40.11924684641381 3.1159259436492377 0 0 0 1
155.0 -65.61008902591477 38.12236407069709 4.40674201822047 0 0 0 1
156.0 -60.14703505446262 22.485087197677473 -12.742975736661592 0 0 0 1
157.0 -45.993556131867294 12.599126248683673 -13.761392529899627 0 0 0 1
158.0 -32.59544928988839 8.688969031327828 -2.905874556495519 0 0 0 1
159.0 -9.139540944520054 -2.4993268643527196 -2.8977186615502784 0 0 0 1
160.0 -4.542862479947108 -0.6506060918643701 -0.36220956745778166 0 0 0 1
161.0 14.913119473182318 1.9341434429656426 1.4083756505907266 0 0 0 1
162.0 16.542631560854023 2.820760932328164 6.684406878411696 0 0 0 1
163.0 45.62576028542625 7.77941405697967 -1.1719484385619552 0 0 0 1
164.0 45.88592477694604 11.211558630036695 -12.143831256048108 0 0 0 1
165.0 76.23883791504065 17.45841821124815 1.7528972727147547 0 0 0 1
166.0 80.84027926165484 37.31092372375447 6.175927473783844 0 0 0 1
167.0 90.28839222433278 55.894090639421506 -0.2986216327996658 0 0 0 1
168.0 84.79659301272589 64.9191292585239 -8.90509285951304 0 0 0 1
169.0 100.47404024677736 78.23308337804984 -4.655327001122814 0 0 0 1
170.0 98.36195082384913 98.05727650558038 -0.6728535265654543 0 0 0 1
171.0 91.40852122814292 107.96417076028294 -10.03024429206733 0 0 0 1
172.0 92.9634892209774 120.06670542017598 6.1965878109758705 0 0 0 1
173.0 94.16411007462386 135.6802534976399 -9.165773018003534 0 0 0 1
174.0 78.77455871664056 146.4157781104847 -2.5033559234211253 0 0 0 1
175.0 65.8966142647408 158.69160492039856 13.226889652316203 0 0 0 1
176.0 62.345945001554654 176.89554677246406 -2.8057189505040583 0 0 0 1
177.0 45.4987602458067 178.51236911261284 3.0423929938997354 0 0 0 1
178.0 35.92863792893593 185.72943929060523 -9.46529353210282 0 0 0 1
179.0 23.818979141922494 194.19460629401027 4.565134861494956 0 0 0 1
180.0 5.8179302192943405 192.5648306037295 -6.69423200401254 0 0 0 1
181.0 -16.516957717396735 188.5884811131595 -2.851620871362625 0 0 0 1
182.0 -28.263026562892897 186.18262993184274 -3.9926175817152387 0 0 0 1
183.0 -34.88112170605717 182.6985387268146 8.769187299471103 0 0 0 1
184.0 -44.206041752237994 178.71431278608387 3.637886168937591 0 0 0 1
185.0 -61.747123590622735 164.07779763605964 9.083752772642374 0 0 0 1
186.0 -78.19399521126965 160.50899177083744 2.0021332886830194 0 0 0 1
187.0 -86.61665555136682 140.6567574203155 1.9740533858615947 0 0 0 1
188.0 -96.66150485570415 119.86303626979648 -2.3108724586728613 0 0 0 1
189.0 -88.05298082092722 111.05310920881725 2.6025897168301384 0 0 0 1
190.0 -90.60499551760572 91.41591288617985 -9.572965657160431 0 0 0 1
191.0 -94.80045776592208 82.84591327911369 13.616051057212069 0 0 0 1
192.0 -89.07123607426084 63.77308842793466 -1.8552094885540313 0 0 0 1
193.0 -81.43219973952809 48.97537243824259 -1.291975520043401 0 0 0 1
194.0 -78.29236033781756 37.954211564537175 11.352124575106622 0 0 0 1
195.0 -69.07546499875112 27.608771378015113 -8.544257509366396 0 0 0 1
196.0 -55.67702501679992 23.101352765110892 -0.6329086179059651 0 0 0 1
197.0 -45.86148436821995 4.262665556178954 -1.2359138825851694 0 0 0 1
198.0 -25.272105420564515 -7.5083933987086375 -0.400789193939163 0 0 0 1
